2 216455 
3 195226 
4 181229 
5 170540 
6 161848 
7 154566 
8 148331 
9 142826 
10 138109 
11 133806 
12 129985 
13 126378 
14 123180 
15 120373 
16 117538 
17 114807 
18 112401 
19 110380 
20 108595 
21 106773 
22 104936 
23 103174 
24 101527 
25 99983.1 
26 98493.2 
27 97076.2 
28 95751.7 
29 94509.7 
30 93306.4 
31 92085.4 
32 90863.8 
33 89675.7 
34 88548.2 
35 87500.8 
36 86543.8 
37 85677.5 
38 84891 
39 84160.8 
40 83450.2 
41 82720.4 
42 81973.4 
43 81221.1 
44 80473.6 
45 79739.1 
46 79023.6 
47 78330.5 
48 77660.7 
49 77012 
50 76378.9 
51 75755.8 
52 75145.4 
53 74552.1 
54 73979.3 
55 73428.8 
56 72900.9 
57 72394.7 
58 71907.3 
59 71434.3 
60 70969.3 
61 70506 
62 70045.5 
63 69590.3 
64 69142.3 
65 68703 
66 68273.4 
67 67853.8 
68 67443.9 
69 67042.6 
70 66648.3 
71 66259.3 
72 65876.3 
73 65500.4 
74 65132.3 
75 64772.6 
76 64421.3 
77 64078.1 
78 63742.3 
79 63412.8 
80 63088 
81 62766.4 
82 62448.5 
83 62134.9 
84 61826.2 
85 61522.8 
86 61224.9 
87 60932.5 
88 60645.3 
89 60362.9 
90 60084.7 
91 59809.9 
92 59538.7 
93 59271.3 
94 59008.1 
95 58748.9 
96 58493.6 
97 58242 
98 57993.6 
99 57747.9 
100 57504.2 
101 57261.7 
102 57020.9 
103 56782.3 
104 56546.2 
105 56313.2 
106 56083.6 
107 55857.6 
108 55635.6 
109 55417.6 
110 55203.9 
111 54994.4 
112 54789.1 
113 54587.8 
114 54390.5 
115 54196.8 
116 54006.3 
117 53818.7 
118 53633.4 
119 53449.9 
120 53267.3 
121 53085.1 
122 52903.5 
123 52722.6 
124 52542.7 
125 52364.1 
126 52186.9 
127 52011.3 
128 51837.5 
129 51665.5 
130 51495.5 
131 51327.6 
132 51161.7 
133 50997.9 
134 50836.1 
135 50676.3 
136 50518.4 
137 50362.2 
138 50207.6 
139 50054.3 
140 49902.2 
141 49751 
142 49600.8 
143 49451.7 
144 49303.9 
145 49157.4 
146 49012.4 
147 48868.8 
148 48726.8 
149 48586.4 
150 48447.7 
151 48310.5 
152 48175 
153 48041 
154 47908.6 
155 47777.6 
156 47647.9 
157 47519.5 
158 47392.2 
159 47265.9 
160 47140.3 
161 47015.4 
162 46891.1 
163 46767.6 
164 46644.9 
165 46523.1 
166 46402.3 
167 46282.4 
168 46163.5 
169 46045.7 
170 45929 
171 45813.3 
172 45698.7 
173 45585.2 
174 45472.7 
175 45361.2 
176 45250.7 
177 45141.1 
178 45032.4 
179 44924.4 
180 44817.1 
181 44710.3 
182 44604.3 
183 44498.8 
184 44394.1 
185 44290.2 
186 44187 
187 44084.6 
188 43983 
189 43882.3 
190 43782.3 
191 43683.2 
192 43584.9 
193 43487.4 
194 43390.6 
195 43294.6 
196 43199.3 
197 43104.7 
198 43010.7 
199 42917.3 
200 42824.3 
201 42731.8 
202 42639.8 
203 42548.2 
204 42457.2 
205 42366.8 
206 42276.9 
207 42187.6 
208 42099 
209 42011 
210 41923.6 
211 41836.9 
212 41750.9 
213 41665.5 
214 41580.8 
215 41496.8 
216 41413.4 
217 41330.6 
218 41248.5 
219 41166.9 
220 41085.9 
221 41005.3 
222 40925.3 
223 40845.8 
224 40766.6 
225 40687.8 
226 40609.2 
227 40531 
228 40453.2 
229 40375.7 
230 40298.6 
231 40221.9 
232 40145.6 
233 40069.7 
234 39994.3 
235 39919.4 
236 39844.9 
237 39770.9 
238 39697.4 
239 39624.3 
240 39551.7 
241 39479.6 
242 39408 
243 39336.8 
244 39266.1 
245 39195.8 
246 39125.9 
247 39056.5 
248 38987.4 
249 38918.7 
250 38850.3 
251 38782.3 
252 38714.5 
253 38647.1 
254 38580.1 
255 38513.4 
256 38447.1 
257 38381.1 
258 38315.6 
259 38250.4 
260 38185.7 
261 38121.3 
262 38057.3 
263 37993.8 
264 37930.6 
265 37867.8 
266 37805.4 
267 37743.4 
268 37681.7 
269 37620.4 
270 37559.5 
271 37498.9 
272 37438.6 
273 37378.6 
274 37318.9 
275 37259.4 
276 37200.2 
277 37141.3 
278 37082.6 
279 37024.1 
280 36966 
281 36908.1 
282 36850.4 
283 36793.1 
284 36736 
285 36679.2 
286 36622.7 
287 36566.4 
288 36510.4 
289 36454.7 
290 36399.3 
291 36344.1 
292 36289.1 
293 36234.4 
294 36179.9 
295 36125.7 
296 36071.7 
297 36017.8 
298 35964.1 
299 35910.6 
300 35857.3 
301 35804.1 
302 35751 
303 35698.1 
304 35645.3 
305 35592.8 
306 35540.4 
307 35488.2 
308 35436.2 
309 35384.5 
310 35332.9 
311 35281.6 
312 35230.6 
313 35179.7 
314 35129.2 
315 35078.9 
316 35028.8 
317 34979.1 
318 34929.6 
319 34880.4 
320 34831.4 
321 34782.8 
322 34734.4 
323 34686.3 
324 34638.5 
325 34591 
326 34543.8 
327 34496.9 
328 34450.2 
329 34403.9 
330 34357.8 
331 34312 
332 34266.5 
333 34221.2 
334 34176.2 
335 34131.4 
336 34086.9 
337 34042.7 
338 33998.7 
339 33954.9 
340 33911.3 
341 33867.9 
342 33824.7 
343 33781.7 
344 33738.9 
345 33696.2 
346 33653.7 
347 33611.2 
348 33568.9 
349 33526.7 
350 33484.6 
351 33442.5 
352 33400.5 
353 33358.6 
354 33316.8 
355 33275 
356 33233.3 
357 33191.8 
358 33150.3 
359 33108.9 
360 33067.7 
361 33026.6 
362 32985.6 
363 32944.7 
364 32903.9 
365 32863.3 
366 32822.9 
367 32782.5 
368 32742.4 
369 32702.3 
370 32662.5 
371 32622.8 
372 32583.2 
373 32543.8 
374 32504.5 
375 32465.4 
376 32426.5 
377 32387.8 
378 32349.2 
379 32310.7 
380 32272.4 
381 32234.3 
382 32196.4 
383 32158.6 
384 32120.9 
385 32083.5 
386 32046.1 
387 32008.9 
388 31971.9 
389 31935 
390 31898.3 
391 31861.7 
392 31825.2 
393 31788.9 
394 31752.7 
395 31716.6 
396 31680.6 
397 31644.7 
398 31608.9 
399 31573.2 
400 31537.7 
401 31502.1 
402 31466.7 
403 31431.4 
404 31396.1 
405 31361 
406 31325.9 
407 31291 
408 31256.1 
409 31221.4 
410 31186.7 
411 31152.2 
412 31117.8 
413 31083.5 
414 31049.3 
415 31015.3 
416 30981.3 
417 30947.5 
418 30913.8 
419 30880.3 
420 30846.8 
421 30813.5 
422 30780.3 
423 30747.2 
424 30714.3 
425 30681.5 
426 30648.8 
427 30616.2 
428 30583.8 
429 30551.5 
430 30519.3 
431 30487.2 
432 30455.2 
433 30423.4 
434 30391.7 
435 30360.1 
436 30328.6 
437 30297.2 
438 30266 
439 30234.8 
440 30203.8 
441 30172.8 
442 30141.9 
443 30111.2 
444 30080.5 
445 30049.9 
446 30019.4 
447 29989 
448 29958.6 
449 29928.3 
450 29898.1 
451 29867.9 
452 29837.8 
453 29807.7 
454 29777.7 
455 29747.8 
456 29717.9 
457 29688.1 
458 29658.4 
459 29628.7 
460 29599.2 
461 29569.7 
462 29540.3 
463 29510.9 
464 29481.7 
465 29452.5 
466 29423.4 
467 29394.4 
468 29365.5 
469 29336.7 
470 29308 
471 29279.3 
472 29250.8 
473 29222.3 
474 29193.9 
475 29165.6 
476 29137.4 
477 29109.3 
478 29081.3 
479 29053.4 
480 29025.6 
481 28997.9 
482 28970.2 
483 28942.7 
484 28915.2 
485 28887.8 
486 28860.5 
487 28833.3 
488 28806.2 
489 28779.2 
490 28752.3 
491 28725.4 
492 28698.6 
493 28671.9 
494 28645.3 
495 28618.7 
496 28592.3 
497 28565.8 
498 28539.5 
499 28513.2 
500 28487 
501 28460.9 
502 28434.8 
503 28408.8 
504 28382.8 
505 28356.9 
506 28331.1 
507 28305.3 
508 28279.7 
509 28254 
510 28228.5 
511 28203 
512 28177.6 
513 28152.3 
514 28127 
515 28101.9 
516 28076.8 
517 28051.7 
518 28026.8 
519 28001.9 
520 27977.1 
521 27952.4 
522 27927.7 
523 27903.1 
524 27878.6 
525 27854.2 
526 27829.8 
527 27805.6 
528 27781.4 
529 27757.2 
530 27733.2 
531 27709.2 
532 27685.3 
533 27661.4 
534 27637.7 
535 27614 
536 27590.3 
537 27566.7 
538 27543.2 
539 27519.8 
540 27496.4 
541 27473.1 
542 27449.8 
543 27426.6 
544 27403.5 
545 27380.4 
546 27357.4 
547 27334.4 
548 27311.4 
549 27288.5 
550 27265.7 
551 27242.9 
552 27220.1 
553 27197.4 
554 27174.7 
555 27152.1 
556 27129.5 
557 27107 
558 27084.5 
559 27062.1 
560 27039.7 
561 27017.3 
562 26995 
563 26972.8 
564 26950.6 
565 26928.5 
566 26906.4 
567 26884.4 
568 26862.4 
569 26840.5 
570 26818.6 
571 26796.8 
572 26775 
573 26753.3 
574 26731.7 
575 26710.1 
576 26688.5 
577 26667.1 
578 26645.6 
579 26624.3 
580 26602.9 
581 26581.7 
582 26560.5 
583 26539.3 
584 26518.2 
585 26497.1 
586 26476.1 
587 26455.2 
588 26434.3 
589 26413.4 
590 26392.6 
591 26371.9 
592 26351.2 
593 26330.5 
594 26309.9 
595 26289.3 
596 26268.8 
597 26248.3 
598 26227.9 
599 26207.5 
600 26187.1 
601 26166.8 
602 26146.5 
603 26126.3 
604 26106.1 
605 26085.9 
606 26065.8 
607 26045.7 
608 26025.7 
609 26005.7 
610 25985.8 
611 25965.9 
612 25946 
613 25926.2 
614 25906.4 
615 25886.7 
616 25867 
617 25847.4 
618 25827.8 
619 25808.3 
620 25788.8 
621 25769.3 
622 25749.9 
623 25730.5 
624 25711.2 
625 25691.9 
626 25672.7 
627 25653.5 
628 25634.4 
629 25615.3 
630 25596.2 
631 25577.2 
632 25558.3 
633 25539.3 
634 25520.5 
635 25501.6 
636 25482.8 
637 25464.1 
638 25445.4 
639 25426.7 
640 25408.1 
641 25389.5 
642 25370.9 
643 25352.4 
644 25333.9 
645 25315.5 
646 25297.1 
647 25278.7 
648 25260.4 
649 25242.1 
650 25223.8 
651 25205.6 
652 25187.4 
653 25169.2 
654 25151 
655 25132.9 
656 25114.8 
657 25096.8 
658 25078.8 
659 25060.8 
660 25042.8 
661 25024.9 
662 25007 
663 24989.2 
664 24971.4 
665 24953.6 
666 24935.9 
667 24918.2 
668 24900.5 
669 24882.9 
670 24865.3 
671 24847.7 
672 24830.2 
673 24812.7 
674 24795.3 
675 24777.9 
676 24760.5 
677 24743.2 
678 24725.9 
679 24708.6 
680 24691.4 
681 24674.2 
682 24657 
683 24639.9 
684 24622.8 
685 24605.7 
686 24588.7 
687 24571.7 
688 24554.8 
689 24537.9 
690 24521 
691 24504.1 
692 24487.3 
693 24470.5 
694 24453.8 
695 24437 
696 24420.3 
697 24403.7 
698 24387 
699 24370.4 
700 24353.9 
701 24337.3 
702 24320.8 
703 24304.3 
704 24287.8 
705 24271.4 
706 24255 
707 24238.6 
708 24222.2 
709 24205.9 
710 24189.6 
711 24173.4 
712 24157.1 
713 24140.9 
714 24124.8 
715 24108.6 
716 24092.5 
717 24076.5 
718 24060.4 
719 24044.4 
720 24028.4 
721 24012.5 
722 23996.6 
723 23980.7 
724 23964.9 
725 23949.1 
726 23933.3 
727 23917.5 
728 23901.8 
729 23886.1 
730 23870.5 
731 23854.9 
732 23839.3 
733 23823.7 
734 23808.2 
735 23792.7 
736 23777.2 
737 23761.8 
738 23746.4 
739 23731.1 
740 23715.7 
741 23700.4 
742 23685.1 
743 23669.9 
744 23654.7 
745 23639.5 
746 23624.4 
747 23609.2 
748 23594.1 
749 23579.1 
750 23564 
751 23549 
752 23534 
753 23519.1 
754 23504.1 
755 23489.2 
756 23474.4 
757 23459.5 
758 23444.7 
759 23429.9 
760 23415.2 
761 23400.4 
762 23385.7 
763 23371 
764 23356.4 
765 23341.8 
766 23327.2 
767 23312.6 
768 23298.1 
769 23283.6 
770 23269.1 
771 23254.7 
772 23240.3 
773 23225.9 
774 23211.5 
775 23197.2 
776 23182.9 
777 23168.6 
778 23154.3 
779 23140.1 
780 23125.9 
781 23111.7 
782 23097.6 
783 23083.5 
784 23069.4 
785 23055.3 
786 23041.3 
787 23027.2 
788 23013.2 
789 22999.3 
790 22985.3 
791 22971.4 
792 22957.5 
793 22943.6 
794 22929.8 
795 22916 
796 22902.2 
797 22888.4 
798 22874.6 
799 22860.9 
800 22847.1 
801 22833.4 
802 22819.7 
803 22806.1 
804 22792.4 
805 22778.8 
806 22765.2 
807 22751.6 
808 22738 
809 22724.5 
810 22711 
811 22697.5 
812 22684 
813 22670.5 
814 22657.1 
815 22643.6 
816 22630.3 
817 22616.9 
818 22603.5 
819 22590.2 
820 22576.9 
821 22563.6 
822 22550.3 
823 22537.1 
824 22523.8 
825 22510.6 
826 22497.5 
827 22484.3 
828 22471.2 
829 22458.1 
830 22445 
831 22431.9 
832 22418.8 
833 22405.8 
834 22392.8 
835 22379.8 
836 22366.8 
837 22353.9 
838 22341 
839 22328.1 
840 22315.2 
841 22302.3 
842 22289.5 
843 22276.7 
844 22263.9 
845 22251.1 
846 22238.3 
847 22225.6 
848 22212.8 
849 22200.1 
850 22187.5 
851 22174.8 
852 22162.1 
853 22149.5 
854 22136.9 
855 22124.3 
856 22111.7 
857 22099.2 
858 22086.6 
859 22074.1 
860 22061.6 
861 22049.1 
862 22036.7 
863 22024.2 
864 22011.8 
865 21999.4 
866 21987 
867 21974.7 
868 21962.3 
869 21950 
870 21937.7 
871 21925.4 
872 21913.1 
873 21900.9 
874 21888.7 
875 21876.4 
876 21864.3 
877 21852.1 
878 21839.9 
879 21827.8 
880 21815.7 
881 21803.6 
882 21791.5 
883 21779.4 
884 21767.4 
885 21755.3 
886 21743.3 
887 21731.3 
888 21719.4 
889 21707.4 
890 21695.5 
891 21683.5 
892 21671.6 
893 21659.7 
894 21647.9 
895 21636 
896 21624.2 
897 21612.3 
898 21600.5 
899 21588.7 
900 21576.9 
901 21565.2 
902 21553.4 
903 21541.7 
904 21529.9 
905 21518.2 
906 21506.5 
907 21494.8 
908 21483.2 
909 21471.5 
910 21459.9 
911 21448.3 
912 21436.7 
913 21425.1 
914 21413.5 
915 21401.9 
916 21390.4 
917 21378.9 
918 21367.4 
919 21355.9 
920 21344.4 
921 21332.9 
922 21321.5 
923 21310.1 
924 21298.7 
925 21287.3 
926 21275.9 
927 21264.5 
928 21253.2 
929 21241.8 
930 21230.5 
931 21219.2 
932 21208 
933 21196.7 
934 21185.4 
935 21174.2 
936 21163 
937 21151.8 
938 21140.6 
939 21129.4 
940 21118.3 
941 21107.2 
942 21096 
943 21084.9 
944 21073.9 
945 21062.8 
946 21051.7 
947 21040.7 
948 21029.7 
949 21018.7 
950 21007.7 
951 20996.7 
952 20985.7 
953 20974.8 
954 20963.9 
955 20952.9 
956 20942 
957 20931.2 
958 20920.3 
959 20909.4 
960 20898.6 
961 20887.8 
962 20877 
963 20866.2 
964 20855.4 
965 20844.7 
966 20833.9 
967 20823.2 
968 20812.5 
969 20801.8 
970 20791.1 
971 20780.5 
972 20769.8 
973 20759.2 
974 20748.6 
975 20738 
976 20727.4 
977 20716.8 
978 20706.3 
979 20695.8 
980 20685.3 
981 20674.8 
982 20664.3 
983 20653.8 
984 20643.4 
985 20632.9 
986 20622.5 
987 20612.1 
988 20601.7 
989 20591.3 
990 20581 
991 20570.6 
992 20560.3 
993 20550 
994 20539.7 
995 20529.4 
996 20519.2 
997 20508.9 
998 20498.7 
999 20488.5 
1000 20478.3 
1001 20468.1 
1002 20457.9 
1003 20447.7 
1004 20437.6 
1005 20427.5 
1006 20417.3 
1007 20407.2 
1008 20397.2 
1009 20387.1 
1010 20377 
1011 20367 
1012 20356.9 
1013 20346.9 
1014 20336.9 
1015 20326.9 
1016 20317 
1017 20307 
1018 20297.1 
1019 20287.1 
1020 20277.2 
1021 20267.3 
1022 20257.4 
1023 20247.5 
1024 20237.7 
1025 20227.8 
1026 20218 
1027 20208.2 
1028 20198.4 
1029 20188.6 
1030 20178.8 
1031 20169.1 
1032 20159.3 
1033 20149.6 
1034 20139.8 
1035 20130.1 
1036 20120.4 
1037 20110.8 
1038 20101.1 
1039 20091.4 
1040 20081.8 
1041 20072.1 
1042 20062.5 
1043 20052.9 
1044 20043.3 
1045 20033.7 
1046 20024.1 
1047 20014.6 
1048 20005 
1049 19995.5 
1050 19986 
1051 19976.4 
1052 19966.9 
1053 19957.4 
1054 19948 
1055 19938.5 
1056 19929 
1057 19919.6 
1058 19910.1 
1059 19900.7 
1060 19891.3 
1061 19881.9 
1062 19872.5 
1063 19863.1 
1064 19853.7 
1065 19844.3 
1066 19835 
1067 19825.6 
1068 19816.3 
1069 19807 
1070 19797.7 
1071 19788.4 
1072 19779.1 
1073 19769.8 
1074 19760.6 
1075 19751.3 
1076 19742.1 
1077 19732.9 
1078 19723.6 
1079 19714.4 
1080 19705.2 
1081 19696.1 
1082 19686.9 
1083 19677.7 
1084 19668.6 
1085 19659.4 
1086 19650.3 
1087 19641.2 
1088 19632.1 
1089 19623 
1090 19613.9 
1091 19604.8 
1092 19595.8 
1093 19586.7 
1094 19577.7 
1095 19568.6 
1096 19559.6 
1097 19550.6 
1098 19541.6 
1099 19532.6 
1100 19523.6 
1101 19514.6 
1102 19505.7 
1103 19496.7 
1104 19487.8 
1105 19478.8 
1106 19469.9 
1107 19461 
1108 19452.1 
1109 19443.2 
1110 19434.3 
1111 19425.4 
1112 19416.6 
1113 19407.7 
1114 19398.9 
1115 19390 
1116 19381.2 
1117 19372.4 
1118 19363.5 
1119 19354.7 
1120 19345.9 
1121 19337.2 
1122 19328.4 
1123 19319.6 
1124 19310.8 
1125 19302.1 
1126 19293.3 
1127 19284.6 
1128 19275.9 
1129 19267.2 
1130 19258.5 
1131 19249.7 
1132 19241.1 
1133 19232.4 
1134 19223.7 
1135 19215 
1136 19206.3 
1137 19197.7 
1138 19189 
1139 19180.4 
1140 19171.7 
1141 19163.1 
1142 19154.5 
1143 19145.9 
1144 19137.2 
1145 19128.6 
1146 19120 
1147 19111.4 
1148 19102.9 
1149 19094.3 
1150 19085.7 
1151 19077.1 
1152 19068.5 
1153 19060 
1154 19051.4 
1155 19042.9 
1156 19034.3 
1157 19025.8 
1158 19017.2 
1159 19008.7 
1160 19000.2 
1161 18991.7 
1162 18983.2 
1163 18974.7 
1164 18966.2 
1165 18957.7 
1166 18949.2 
1167 18940.8 
1168 18932.3 
1169 18923.9 
1170 18915.4 
1171 18907 
1172 18898.6 
1173 18890.1 
1174 18881.7 
1175 18873.3 
1176 18865 
1177 18856.6 
1178 18848.2 
1179 18839.9 
1180 18831.5 
1181 18823.2 
1182 18814.9 
1183 18806.6 
1184 18798.3 
1185 18790 
1186 18781.7 
1187 18773.4 
1188 18765.2 
1189 18757 
1190 18748.7 
1191 18740.5 
1192 18732.3 
1193 18724.1 
1194 18716 
1195 18707.8 
1196 18699.6 
1197 18691.5 
1198 18683.4 
1199 18675.3 
1200 18667.2 
1201 18659.1 
1202 18651.1 
1203 18643 
1204 18635 
1205 18627 
1206 18618.9 
1207 18611 
1208 18603 
1209 18595 
1210 18587.1 
1211 18579.1 
1212 18571.2 
1213 18563.3 
1214 18555.4 
1215 18547.5 
1216 18539.6 
1217 18531.7 
1218 18523.9 
1219 18516.1 
1220 18508.2 
1221 18500.4 
1222 18492.6 
1223 18484.8 
1224 18477 
1225 18469.2 
1226 18461.5 
1227 18453.7 
1228 18446 
1229 18438.3 
1230 18430.5 
1231 18422.8 
1232 18415.1 
1233 18407.4 
1234 18399.7 
1235 18392.1 
1236 18384.4 
1237 18376.7 
1238 18369.1 
1239 18361.4 
1240 18353.8 
1241 18346.2 
1242 18338.6 
1243 18331 
1244 18323.3 
1245 18315.7 
1246 18308.2 
1247 18300.6 
1248 18293 
1249 18285.4 
1250 18277.8 
1251 18270.3 
1252 18262.7 
1253 18255.1 
1254 18247.6 
1255 18240.1 
1256 18232.5 
1257 18225 
1258 18217.5 
1259 18209.9 
1260 18202.4 
1261 18194.9 
1262 18187.4 
1263 18179.9 
1264 18172.4 
1265 18164.9 
1266 18157.4 
1267 18150 
1268 18142.5 
1269 18135 
1270 18127.6 
1271 18120.1 
1272 18112.7 
1273 18105.3 
1274 18097.8 
1275 18090.4 
1276 18083 
1277 18075.6 
1278 18068.2 
1279 18060.8 
1280 18053.4 
1281 18046 
1282 18038.7 
1283 18031.3 
1284 18023.9 
1285 18016.6 
1286 18009.3 
1287 18001.9 
1288 17994.6 
1289 17987.3 
1290 17980 
1291 17972.7 
1292 17965.4 
1293 17958.1 
1294 17950.8 
1295 17943.6 
1296 17936.3 
1297 17929 
1298 17921.8 
1299 17914.6 
1300 17907.3 
1301 17900.1 
1302 17892.9 
1303 17885.7 
1304 17878.5 
1305 17871.3 
1306 17864.2 
1307 17857 
1308 17849.8 
1309 17842.7 
1310 17835.5 
1311 17828.4 
1312 17821.3 
1313 17814.2 
1314 17807.1 
1315 17800 
1316 17792.9 
1317 17785.8 
1318 17778.7 
1319 17771.6 
1320 17764.6 
1321 17757.5 
1322 17750.4 
1323 17743.4 
1324 17736.4 
1325 17729.3 
1326 17722.3 
1327 17715.3 
1328 17708.3 
1329 17701.3 
1330 17694.3 
1331 17687.3 
1332 17680.3 
1333 17673.4 
1334 17666.4 
1335 17659.4 
1336 17652.5 
1337 17645.5 
1338 17638.6 
1339 17631.7 
1340 17624.7 
1341 17617.8 
1342 17610.9 
1343 17604 
1344 17597.1 
1345 17590.2 
1346 17583.3 
1347 17576.4 
1348 17569.5 
1349 17562.6 
1350 17555.8 
1351 17548.9 
1352 17542 
1353 17535.2 
1354 17528.3 
1355 17521.5 
1356 17514.6 
1357 17507.8 
1358 17500.9 
1359 17494.1 
1360 17487.3 
1361 17480.5 
1362 17473.7 
1363 17466.8 
1364 17460 
1365 17453.2 
1366 17446.4 
1367 17439.7 
1368 17432.9 
1369 17426.1 
1370 17419.3 
1371 17412.5 
1372 17405.8 
1373 17399 
1374 17392.3 
1375 17385.5 
1376 17378.8 
1377 17372 
1378 17365.3 
1379 17358.5 
1380 17351.8 
1381 17345.1 
1382 17338.4 
1383 17331.7 
1384 17324.9 
1385 17318.2 
1386 17311.5 
1387 17304.8 
1388 17298.1 
1389 17291.5 
1390 17284.8 
1391 17278.1 
1392 17271.4 
1393 17264.8 
1394 17258.1 
1395 17251.4 
1396 17244.8 
1397 17238.1 
1398 17231.5 
1399 17224.8 
1400 17218.2 
1401 17211.5 
1402 17204.9 
1403 17198.3 
1404 17191.7 
1405 17185 
1406 17178.4 
1407 17171.8 
1408 17165.2 
1409 17158.6 
1410 17152 
1411 17145.4 
1412 17138.8 
1413 17132.2 
1414 17125.7 
1415 17119.1 
1416 17112.5 
1417 17106 
1418 17099.4 
1419 17092.8 
1420 17086.3 
1421 17079.8 
1422 17073.2 
1423 17066.7 
1424 17060.2 
1425 17053.6 
1426 17047.1 
1427 17040.6 
1428 17034.1 
1429 17027.6 
1430 17021.1 
1431 17014.6 
1432 17008.2 
1433 17001.7 
1434 16995.2 
1435 16988.8 
1436 16982.3 
1437 16975.9 
1438 16969.4 
1439 16963 
1440 16956.6 
1441 16950.2 
1442 16943.7 
1443 16937.3 
1444 16930.9 
1445 16924.5 
1446 16918.1 
1447 16911.8 
1448 16905.4 
1449 16899 
1450 16892.7 
1451 16886.3 
1452 16880 
1453 16873.6 
1454 16867.3 
1455 16861 
1456 16854.7 
1457 16848.4 
1458 16842.1 
1459 16835.8 
1460 16829.5 
1461 16823.2 
1462 16816.9 
1463 16810.6 
1464 16804.4 
1465 16798.1 
1466 16791.9 
1467 16785.6 
1468 16779.4 
1469 16773.2 
1470 16766.9 
1471 16760.7 
1472 16754.5 
1473 16748.3 
1474 16742.1 
1475 16735.9 
1476 16729.7 
1477 16723.5 
1478 16717.4 
1479 16711.2 
1480 16705 
1481 16698.9 
1482 16692.7 
1483 16686.6 
1484 16680.4 
1485 16674.3 
1486 16668.2 
1487 16662 
1488 16655.9 
1489 16649.8 
1490 16643.7 
1491 16637.6 
1492 16631.5 
1493 16625.4 
1494 16619.3 
1495 16613.2 
1496 16607.1 
1497 16601 
1498 16594.9 
1499 16588.9 
1500 16582.8 
1501 16576.7 
1502 16570.7 
1503 16564.6 
1504 16558.6 
1505 16552.5 
1506 16546.5 
1507 16540.4 
1508 16534.4 
1509 16528.4 
1510 16522.3 
1511 16516.3 
1512 16510.3 
1513 16504.3 
1514 16498.3 
1515 16492.3 
1516 16486.3 
1517 16480.3 
1518 16474.3 
1519 16468.3 
1520 16462.3 
1521 16456.3 
1522 16450.3 
1523 16444.3 
1524 16438.4 
1525 16432.4 
1526 16426.4 
1527 16420.5 
1528 16414.5 
1529 16408.6 
1530 16402.6 
1531 16396.7 
1532 16390.7 
1533 16384.8 
1534 16378.8 
1535 16372.9 
1536 16367 
1537 16361.1 
1538 16355.1 
1539 16349.2 
1540 16343.3 
1541 16337.4 
1542 16331.5 
1543 16325.6 
1544 16319.7 
1545 16313.8 
1546 16307.9 
1547 16302 
1548 16296.1 
1549 16290.3 
1550 16284.4 
1551 16278.5 
1552 16272.6 
1553 16266.8 
1554 16260.9 
1555 16255 
1556 16249.2 
1557 16243.3 
1558 16237.5 
1559 16231.6 
1560 16225.8 
1561 16219.9 
1562 16214.1 
1563 16208.3 
1564 16202.4 
1565 16196.6 
1566 16190.8 
1567 16185 
1568 16179.1 
1569 16173.3 
1570 16167.5 
1571 16161.7 
1572 16155.9 
1573 16150.1 
1574 16144.3 
1575 16138.5 
1576 16132.7 
1577 16127 
1578 16121.2 
1579 16115.4 
1580 16109.6 
1581 16103.9 
1582 16098.1 
1583 16092.3 
1584 16086.6 
1585 16080.8 
1586 16075.1 
1587 16069.3 
1588 16063.6 
1589 16057.9 
1590 16052.1 
1591 16046.4 
1592 16040.7 
1593 16034.9 
1594 16029.2 
1595 16023.5 
1596 16017.8 
1597 16012.1 
1598 16006.4 
1599 16000.7 
1600 15995 
1601 15989.3 
1602 15983.6 
1603 15977.9 
1604 15972.2 
1605 15966.5 
1606 15960.9 
1607 15955.2 
1608 15949.5 
1609 15943.9 
1610 15938.2 
1611 15932.5 
1612 15926.9 
1613 15921.3 
1614 15915.6 
1615 15910 
1616 15904.3 
1617 15898.7 
1618 15893.1 
1619 15887.5 
1620 15881.9 
1621 15876.3 
1622 15870.7 
1623 15865.1 
1624 15859.5 
1625 15853.9 
1626 15848.3 
1627 15842.7 
1628 15837.2 
1629 15831.6 
1630 15826 
1631 15820.5 
1632 15814.9 
1633 15809.4 
1634 15803.9 
1635 15798.3 
1636 15792.8 
1637 15787.3 
1638 15781.8 
1639 15776.3 
1640 15770.8 
1641 15765.3 
1642 15759.8 
1643 15754.3 
1644 15748.9 
1645 15743.4 
1646 15737.9 
1647 15732.5 
1648 15727 
1649 15721.6 
1650 15716.2 
1651 15710.7 
1652 15705.3 
1653 15699.9 
1654 15694.5 
1655 15689.1 
1656 15683.7 
1657 15678.3 
1658 15673 
1659 15667.6 
1660 15662.2 
1661 15656.9 
1662 15651.5 
1663 15646.2 
1664 15640.8 
1665 15635.5 
1666 15630.1 
1667 15624.8 
1668 15619.5 
1669 15614.2 
1670 15608.9 
1671 15603.6 
1672 15598.3 
1673 15593 
1674 15587.7 
1675 15582.4 
1676 15577.1 
1677 15571.8 
1678 15566.6 
1679 15561.3 
1680 15556 
1681 15550.8 
1682 15545.5 
1683 15540.2 
1684 15535 
1685 15529.7 
1686 15524.5 
1687 15519.3 
1688 15514 
1689 15508.8 
1690 15503.5 
1691 15498.3 
1692 15493.1 
1693 15487.9 
1694 15482.6 
1695 15477.4 
1696 15472.2 
1697 15467 
1698 15461.8 
1699 15456.6 
1700 15451.3 
1701 15446.1 
1702 15440.9 
1703 15435.7 
1704 15430.5 
1705 15425.3 
1706 15420.1 
1707 15414.9 
1708 15409.7 
1709 15404.5 
1710 15399.3 
1711 15394.1 
1712 15388.9 
1713 15383.7 
1714 15378.5 
1715 15373.3 
1716 15368.1 
1717 15363 
1718 15357.8 
1719 15352.6 
1720 15347.4 
1721 15342.2 
1722 15337.1 
1723 15331.9 
1724 15326.7 
1725 15321.6 
1726 15316.4 
1727 15311.2 
1728 15306.1 
1729 15300.9 
1730 15295.8 
1731 15290.6 
1732 15285.5 
1733 15280.3 
1734 15275.2 
1735 15270.1 
1736 15264.9 
1737 15259.8 
1738 15254.7 
1739 15249.6 
1740 15244.4 
1741 15239.3 
1742 15234.2 
1743 15229.1 
1744 15224 
1745 15218.9 
1746 15213.8 
1747 15208.7 
1748 15203.6 
1749 15198.5 
1750 15193.4 
1751 15188.3 
1752 15183.3 
1753 15178.2 
1754 15173.1 
1755 15168.1 
1756 15163 
1757 15157.9 
1758 15152.9 
1759 15147.8 
1760 15142.8 
1761 15137.7 
1762 15132.7 
1763 15127.7 
1764 15122.6 
1765 15117.6 
1766 15112.6 
1767 15107.6 
1768 15102.5 
1769 15097.5 
1770 15092.5 
1771 15087.5 
1772 15082.5 
1773 15077.5 
1774 15072.5 
1775 15067.5 
1776 15062.5 
1777 15057.5 
1778 15052.5 
1779 15047.5 
1780 15042.5 
1781 15037.5 
1782 15032.5 
1783 15027.5 
1784 15022.5 
1785 15017.5 
1786 15012.6 
1787 15007.6 
1788 15002.6 
1789 14997.6 
1790 14992.7 
1791 14987.7 
1792 14982.7 
1793 14977.8 
1794 14972.8 
1795 14967.8 
1796 14962.8 
1797 14957.9 
1798 14952.9 
1799 14948 
1800 14943 
1801 14938 
1802 14933.1 
1803 14928.1 
1804 14923.1 
1805 14918.2 
1806 14913.2 
1807 14908.3 
1808 14903.3 
1809 14898.4 
1810 14893.4 
1811 14888.5 
1812 14883.5 
1813 14878.6 
1814 14873.6 
1815 14868.7 
1816 14863.7 
1817 14858.8 
1818 14853.9 
1819 14848.9 
1820 14844 
1821 14839.1 
1822 14834.1 
1823 14829.2 
1824 14824.3 
1825 14819.3 
1826 14814.4 
1827 14809.5 
1828 14804.6 
1829 14799.7 
1830 14794.8 
1831 14789.9 
1832 14785 
1833 14780.1 
1834 14775.2 
1835 14770.3 
1836 14765.4 
1837 14760.5 
1838 14755.6 
1839 14750.8 
1840 14745.9 
1841 14741 
1842 14736.2 
1843 14731.3 
1844 14726.5 
1845 14721.6 
1846 14716.8 
1847 14711.9 
1848 14707.1 
1849 14702.3 
1850 14697.4 
1851 14692.6 
1852 14687.8 
1853 14683 
1854 14678.2 
1855 14673.4 
1856 14668.6 
1857 14663.8 
1858 14659 
1859 14654.2 
1860 14649.4 
1861 14644.6 
1862 14639.9 
1863 14635.1 
1864 14630.4 
1865 14625.6 
1866 14620.9 
1867 14616.1 
1868 14611.4 
1869 14606.6 
1870 14601.9 
1871 14597.2 
1872 14592.5 
1873 14587.7 
1874 14583 
1875 14578.3 
1876 14573.6 
1877 14568.9 
1878 14564.2 
1879 14559.5 
1880 14554.9 
1881 14550.2 
1882 14545.5 
1883 14540.8 
1884 14536.2 
1885 14531.5 
1886 14526.9 
1887 14522.2 
1888 14517.6 
1889 14512.9 
1890 14508.3 
1891 14503.6 
1892 14499 
1893 14494.4 
1894 14489.8 
1895 14485.1 
1896 14480.5 
1897 14475.9 
1898 14471.3 
1899 14466.7 
1900 14462.1 
1901 14457.5 
1902 14452.9 
1903 14448.4 
1904 14443.8 
1905 14439.2 
1906 14434.6 
1907 14430.1 
1908 14425.5 
1909 14421 
1910 14416.4 
1911 14411.9 
1912 14407.3 
1913 14402.8 
1914 14398.2 
1915 14393.7 
1916 14389.2 
1917 14384.6 
1918 14380.1 
1919 14375.6 
1920 14371.1 
1921 14366.6 
1922 14362.1 
1923 14357.6 
1924 14353.1 
1925 14348.6 
1926 14344.1 
1927 14339.6 
1928 14335.1 
1929 14330.6 
1930 14326.1 
1931 14321.7 
1932 14317.2 
1933 14312.7 
1934 14308.3 
1935 14303.8 
1936 14299.3 
1937 14294.9 
1938 14290.4 
1939 14286 
1940 14281.5 
1941 14277.1 
1942 14272.7 
1943 14268.2 
1944 14263.8 
1945 14259.4 
1946 14254.9 
1947 14250.5 
1948 14246.1 
1949 14241.7 
1950 14237.3 
1951 14232.9 
1952 14228.4 
1953 14224 
1954 14219.6 
1955 14215.2 
1956 14210.8 
1957 14206.4 
1958 14202 
1959 14197.6 
1960 14193.2 
1961 14188.8 
1962 14184.3 
1963 14179.9 
1964 14175.5 
1965 14171.1 
1966 14166.6 
1967 14162.2 
1968 14157.7 
1969 14153.2 
1970 14148.8 
1971 14144.3 
1972 14139.8 
1973 14135.3 
1974 14130.8 
1975 14126.2 
1976 14121.7 
1977 14117.1 
1978 14112.6 
1979 14108 
1980 14103.4 
1981 14098.7 
1982 14094.1 
1983 14089.4 
1984 14084.8 
1985 14080.1 
1986 14075.4 
1987 14070.6 
1988 14065.9 
1989 14061.1 
1990 14056.3 
1991 14051.4 
1992 14046.6 
1993 14041.7 
1994 14036.8 
1995 14031.9 
1996 14026.9 
1997 14021.9 
1998 14016.9 
1999 14011.9 
2000 14006.8 
