2 986.84 
3 946.916 
4 912.683 
5 888.99 
6 873.598 
7 864.546 
8 860.288 
9 859.177 
10 861.808 
11 866.085 
12 872.295 
13 879.272 
14 887.976 
15 898.305 
16 908.22 
17 918.374 
18 929.877 
19 943.028 
20 957.106 
21 970.774 
22 984.171 
23 997.757 
24 1011.75 
25 1026.08 
26 1040.49 
27 1055.1 
28 1070.02 
29 1085.21 
30 1100.43 
31 1115.4 
32 1130.23 
33 1145.13 
34 1160.24 
35 1175.71 
36 1191.58 
37 1207.89 
38 1224.56 
39 1241.49 
40 1258.46 
41 1275.27 
42 1291.93 
43 1308.54 
44 1325.16 
45 1341.86 
46 1358.68 
47 1375.65 
48 1392.78 
49 1410.07 
50 1427.5 
51 1445.02 
52 1462.67 
53 1480.5 
54 1498.53 
55 1516.78 
56 1535.27 
57 1554.01 
58 1572.98 
59 1592.16 
60 1611.53 
61 1631.04 
62 1650.72 
63 1670.6 
64 1690.69 
65 1711.01 
66 1731.58 
67 1752.4 
68 1773.48 
69 1794.82 
70 1816.41 
71 1838.24 
72 1860.32 
73 1882.67 
74 1905.29 
75 1928.21 
76 1951.42 
77 1974.92 
78 1998.72 
79 2022.8 
80 2047.16 
81 2071.8 
82 2096.7 
83 2121.9 
84 2147.38 
85 2173.16 
86 2199.24 
87 2225.62 
88 2252.29 
89 2279.26 
90 2306.51 
91 2334.04 
92 2361.85 
93 2389.94 
94 2418.31 
95 2446.96 
96 2475.88 
97 2505.06 
98 2534.51 
99 2564.21 
100 2594.14 
101 2624.3 
102 2654.69 
103 2685.31 
104 2716.15 
105 2747.22 
106 2778.51 
107 2810.03 
108 2841.77 
109 2873.72 
110 2905.88 
111 2938.25 
112 2970.8 
113 3003.55 
114 3036.46 
115 3069.54 
116 3102.77 
117 3136.13 
118 3169.61 
119 3203.2 
120 3236.86 
121 3270.59 
122 3304.37 
123 3338.21 
124 3372.09 
125 3406 
126 3439.95 
127 3473.91 
128 3507.89 
129 3541.87 
130 3575.84 
131 3609.79 
132 3643.71 
133 3677.58 
134 3711.4 
135 3745.16 
136 3778.82 
137 3812.4 
138 3845.85 
139 3879.18 
140 3912.36 
141 3945.37 
142 3978.21 
143 4010.86 
144 4043.32 
145 4075.57 
146 4107.61 
147 4139.42 
148 4170.99 
149 4202.31 
150 4233.37 
151 4264.15 
152 4294.65 
153 4324.84 
154 4354.72 
155 4384.28 
156 4413.49 
157 4442.35 
158 4470.83 
159 4498.93 
160 4526.63 
161 4553.91 
162 4580.76 
163 4607.17 
164 4633.14 
165 4658.65 
166 4683.7 
167 4708.27 
168 4732.35 
169 4755.94 
170 4779.03 
171 4801.6 
172 4823.65 
173 4845.16 
174 4866.13 
175 4886.55 
176 4906.4 
177 4925.67 
178 4944.36 
179 4962.46 
180 4979.94 
181 4996.82 
182 5013.06 
183 5028.68 
184 5043.67 
185 5058.01 
186 5071.71 
187 5084.76 
188 5097.15 
189 5108.87 
190 5119.93 
191 5130.32 
192 5140.03 
193 5149.05 
194 5157.39 
195 5165.04 
196 5171.99 
197 5178.25 
198 5183.8 
199 5188.64 
200 5192.77 
201 5196.19 
202 5198.9 
203 5200.88 
204 5202.15 
205 5202.71 
206 5202.54 
207 5201.66 
208 5200.07 
209 5197.76 
210 5194.73 
211 5190.99 
212 5186.54 
213 5181.39 
214 5175.52 
215 5168.95 
216 5161.68 
217 5153.71 
218 5145.04 
219 5135.68 
220 5125.64 
221 5114.91 
222 5103.51 
223 5091.43 
224 5078.68 
225 5065.27 
226 5051.2 
227 5036.49 
228 5021.13 
229 5005.12 
230 4988.49 
231 4971.23 
232 4953.35 
233 4934.87 
234 4915.77 
235 4896.09 
236 4875.82 
237 4854.96 
238 4833.55 
239 4811.57 
240 4789.04 
241 4765.97 
242 4742.38 
243 4718.26 
244 4693.64 
245 4668.53 
246 4642.93 
247 4616.86 
248 4590.34 
249 4563.37 
250 4535.96 
251 4508.14 
252 4479.91 
253 4451.29 
254 4422.28 
255 4392.89 
256 4363.13 
257 4333.02 
258 4302.57 
259 4271.79 
260 4240.7 
261 4209.29 
262 4177.59 
263 4145.61 
264 4113.37 
265 4080.87 
266 4048.13 
267 4015.16 
268 3981.98 
269 3948.6 
270 3915.04 
271 3881.32 
272 3847.44 
273 3813.42 
274 3779.28 
275 3745.04 
276 3710.71 
277 3676.3 
278 3641.83 
279 3607.3 
280 3572.74 
281 3538.16 
282 3503.56 
283 3468.96 
284 3434.37 
285 3399.81 
286 3365.29 
287 3330.83 
288 3296.44 
289 3262.13 
290 3227.91 
291 3193.81 
292 3159.83 
293 3125.99 
294 3092.31 
295 3058.8 
296 3025.48 
297 2992.36 
298 2959.45 
299 2926.78 
300 2894.36 
301 2862.2 
302 2830.31 
303 2798.7 
304 2767.38 
305 2736.36 
306 2705.64 
307 2675.22 
308 2645.13 
309 2615.35 
310 2585.91 
311 2556.81 
312 2528.05 
313 2499.64 
314 2471.59 
315 2443.9 
316 2416.59 
317 2389.65 
318 2363.1 
319 2336.93 
320 2311.17 
321 2285.8 
322 2260.85 
323 2236.31 
324 2212.18 
325 2188.49 
326 2165.23 
327 2142.4 
328 2120.02 
329 2098.09 
330 2076.61 
331 2055.58 
332 2035.03 
333 2014.94 
334 1995.32 
335 1976.18 
336 1957.53 
337 1939.36 
338 1921.68 
339 1904.5 
340 1887.82 
341 1871.64 
342 1855.97 
343 1840.82 
344 1826.18 
345 1812.05 
346 1798.45 
347 1785.38 
348 1772.83 
349 1760.82 
350 1749.34 
351 1738.4 
352 1728 
353 1718.13 
354 1708.79 
355 1699.99 
356 1691.71 
357 1683.97 
358 1676.75 
359 1670.06 
360 1663.89 
361 1658.23 
362 1653.09 
363 1648.46 
364 1644.34 
365 1640.72 
366 1637.61 
367 1634.99 
368 1632.85 
369 1631.21 
370 1630.04 
371 1629.35 
372 1629.13 
373 1629.37 
374 1630.07 
375 1631.22 
376 1632.82 
377 1634.85 
378 1637.31 
379 1640.19 
380 1643.49 
381 1647.19 
382 1651.29 
383 1655.78 
384 1660.65 
385 1665.9 
386 1671.5 
387 1677.45 
388 1683.75 
389 1690.38 
390 1697.33 
391 1704.59 
392 1712.15 
393 1719.99 
394 1728.11 
395 1736.49 
396 1745.13 
397 1754 
398 1763.09 
399 1772.4 
400 1781.91 
401 1791.6 
402 1801.46 
403 1811.51 
404 1821.72 
405 1832.09 
406 1842.62 
407 1853.31 
408 1864.14 
409 1875.11 
410 1886.22 
411 1897.45 
412 1908.81 
413 1920.29 
414 1931.87 
415 1943.56 
416 1955.34 
417 1967.22 
418 1979.17 
419 1991.21 
420 2003.31 
421 2015.46 
422 2027.68 
423 2039.93 
424 2052.23 
425 2064.55 
426 2076.9 
427 2089.25 
428 2101.61 
429 2113.96 
430 2126.3 
431 2138.62 
432 2150.91 
433 2163.15 
434 2175.34 
435 2187.47 
436 2199.53 
437 2211.51 
438 2223.4 
439 2235.18 
440 2246.86 
441 2258.41 
442 2269.83 
443 2281.11 
444 2292.23 
445 2303.18 
446 2313.96 
447 2324.54 
448 2334.93 
449 2345.1 
450 2355.04 
451 2364.75 
452 2374.22 
453 2383.45 
454 2392.44 
455 2401.19 
456 2409.69 
457 2417.96 
458 2425.98 
459 2433.75 
460 2441.29 
461 2448.58 
462 2455.62 
463 2462.42 
464 2468.98 
465 2475.28 
466 2481.34 
467 2487.16 
468 2492.73 
469 2498.05 
470 2503.12 
471 2507.95 
472 2512.53 
473 2516.87 
474 2520.95 
475 2524.79 
476 2528.38 
477 2531.73 
478 2534.83 
479 2537.68 
480 2540.28 
481 2542.64 
482 2544.75 
483 2546.62 
484 2548.24 
485 2549.62 
486 2550.75 
487 2551.64 
488 2552.29 
489 2552.7 
490 2552.86 
491 2552.78 
492 2552.46 
493 2551.9 
494 2551.1 
495 2550.07 
496 2548.79 
497 2547.29 
498 2545.54 
499 2543.56 
500 2541.35 
501 2538.91 
502 2536.24 
503 2533.34 
504 2530.23 
505 2526.9 
506 2523.37 
507 2519.62 
508 2515.68 
509 2511.54 
510 2507.22 
511 2502.71 
512 2498.01 
513 2493.15 
514 2488.12 
515 2482.92 
516 2477.56 
517 2472.06 
518 2466.4 
519 2460.61 
520 2454.68 
521 2448.63 
522 2442.45 
523 2436.16 
524 2429.76 
525 2423.26 
526 2416.67 
527 2409.98 
528 2403.21 
529 2396.37 
530 2389.46 
531 2382.5 
532 2375.47 
533 2368.41 
534 2361.3 
535 2354.17 
536 2347.01 
537 2339.84 
538 2332.66 
539 2325.49 
540 2318.32 
541 2311.17 
542 2304.05 
543 2296.97 
544 2289.93 
545 2282.94 
546 2276.01 
547 2269.16 
548 2262.38 
549 2255.7 
550 2249.11 
551 2242.63 
552 2236.27 
553 2230.01 
554 2223.88 
555 2217.86 
556 2211.97 
557 2206.2 
558 2200.57 
559 2195.07 
560 2189.7 
561 2184.47 
562 2179.38 
563 2174.44 
564 2169.65 
565 2165.01 
566 2160.53 
567 2156.2 
568 2152.04 
569 2148.04 
570 2144.21 
571 2140.55 
572 2137.07 
573 2133.76 
574 2130.64 
575 2127.71 
576 2124.96 
577 2122.41 
578 2120.05 
579 2117.9 
580 2115.95 
581 2114.2 
582 2112.67 
583 2111.35 
584 2110.26 
585 2109.38 
586 2108.73 
587 2108.31 
588 2108.12 
589 2108.17 
590 2108.47 
591 2109.01 
592 2109.8 
593 2110.84 
594 2112.14 
595 2113.7 
596 2115.53 
597 2117.62 
598 2119.99 
599 2122.64 
600 2125.57 
601 2128.79 
602 2132.29 
603 2136.07 
604 2140.13 
605 2144.46 
606 2149.06 
607 2153.94 
608 2159.08 
609 2164.48 
610 2170.14 
611 2176.06 
612 2182.23 
613 2188.65 
614 2195.31 
615 2202.22 
616 2209.36 
617 2216.74 
618 2224.35 
619 2232.19 
620 2240.25 
621 2248.53 
622 2257.02 
623 2265.73 
624 2274.64 
625 2283.75 
626 2293.06 
627 2302.56 
628 2312.26 
629 2322.13 
630 2332.19 
631 2342.42 
632 2352.82 
633 2363.39 
634 2374.11 
635 2384.99 
636 2396.02 
637 2407.2 
638 2418.51 
639 2429.96 
640 2441.54 
641 2453.24 
642 2465.05 
643 2476.98 
644 2489.02 
645 2501.15 
646 2513.38 
647 2525.7 
648 2538.1 
649 2550.57 
650 2563.12 
651 2575.73 
652 2588.39 
653 2601.11 
654 2613.88 
655 2626.69 
656 2639.54 
657 2652.42 
658 2665.33 
659 2678.25 
660 2691.19 
661 2704.14 
662 2717.1 
663 2730.05 
664 2742.99 
665 2755.91 
666 2768.82 
667 2781.69 
668 2794.54 
669 2807.34 
670 2820.1 
671 2832.8 
672 2845.45 
673 2858.03 
674 2870.54 
675 2882.97 
676 2895.31 
677 2907.56 
678 2919.7 
679 2931.75 
680 2943.67 
681 2955.48 
682 2967.16 
683 2978.7 
684 2990.1 
685 3001.34 
686 3012.43 
687 3023.36 
688 3034.11 
689 3044.67 
690 3055.05 
691 3065.23 
692 3075.21 
693 3084.97 
694 3094.51 
695 3103.82 
696 3112.89 
697 3121.71 
698 3130.28 
699 3138.59 
700 3146.63 
701 3154.38 
702 3161.85 
703 3169.04 
704 3175.94 
705 3182.56 
706 3188.89 
707 3194.94 
708 3200.69 
709 3206.16 
710 3211.33 
711 3216.21 
712 3220.8 
713 3225.09 
714 3229.09 
715 3232.79 
716 3236.19 
717 3239.29 
718 3242.09 
719 3244.6 
720 3246.8 
721 3248.69 
722 3250.29 
723 3251.57 
724 3252.56 
725 3253.23 
726 3253.6 
727 3253.66 
728 3253.4 
729 3252.84 
730 3251.97 
731 3250.78 
732 3249.28 
733 3247.46 
734 3245.33 
735 3242.88 
736 3240.12 
737 3237.03 
738 3233.63 
739 3229.91 
740 3225.87 
741 3221.5 
742 3216.82 
743 3211.81 
744 3206.47 
745 3200.81 
746 3194.83 
747 3188.52 
748 3181.88 
749 3174.92 
750 3167.62 
751 3160 
752 3152.05 
753 3143.79 
754 3135.2 
755 3126.3 
756 3117.1 
757 3107.59 
758 3097.78 
759 3087.68 
760 3077.28 
761 3066.61 
762 3055.65 
763 3044.42 
764 3032.91 
765 3021.14 
766 3009.11 
767 2996.83 
768 2984.29 
769 2971.51 
770 2958.49 
771 2945.23 
772 2931.75 
773 2918.04 
774 2904.12 
775 2889.98 
776 2875.63 
777 2861.09 
778 2846.35 
779 2831.42 
780 2816.3 
781 2801.01 
782 2785.55 
783 2769.92 
784 2754.14 
785 2738.2 
786 2722.12 
787 2705.9 
788 2689.54 
789 2673.06 
790 2656.46 
791 2639.74 
792 2622.92 
793 2606 
794 2588.99 
795 2571.89 
796 2554.71 
797 2537.47 
798 2520.15 
799 2502.79 
800 2485.37 
801 2467.91 
802 2450.41 
803 2432.88 
804 2415.33 
805 2397.75 
806 2380.15 
807 2362.54 
808 2344.92 
809 2327.29 
810 2309.67 
811 2292.06 
812 2274.45 
813 2256.86 
814 2239.3 
815 2221.76 
816 2204.25 
817 2186.79 
818 2169.36 
819 2151.98 
820 2134.66 
821 2117.39 
822 2100.19 
823 2083.06 
824 2066.01 
825 2049.04 
826 2032.16 
827 2015.36 
828 1998.67 
829 1982.08 
830 1965.61 
831 1949.25 
832 1933.01 
833 1916.9 
834 1900.93 
835 1885.1 
836 1869.41 
837 1853.88 
838 1838.51 
839 1823.3 
840 1808.27 
841 1793.41 
842 1778.75 
843 1764.27 
844 1749.99 
845 1735.92 
846 1722.06 
847 1708.42 
848 1695 
849 1681.82 
850 1668.87 
851 1656.17 
852 1643.72 
853 1631.52 
854 1619.56 
855 1607.84 
856 1596.38 
857 1585.16 
858 1574.19 
859 1563.46 
860 1552.99 
861 1542.76 
862 1532.77 
863 1523.04 
864 1513.55 
865 1504.31 
866 1495.32 
867 1486.57 
868 1478.07 
869 1469.82 
870 1461.81 
871 1454.05 
872 1446.54 
873 1439.27 
874 1432.26 
875 1425.48 
876 1418.96 
877 1412.67 
878 1406.64 
879 1400.85 
880 1395.3 
881 1390 
882 1384.95 
883 1380.14 
884 1375.57 
885 1371.25 
886 1367.17 
887 1363.33 
888 1359.74 
889 1356.38 
890 1353.27 
891 1350.41 
892 1347.78 
893 1345.39 
894 1343.25 
895 1341.34 
896 1339.67 
897 1338.25 
898 1337.06 
899 1336.11 
900 1335.39 
901 1334.91 
902 1334.67 
903 1334.65 
904 1334.86 
905 1335.29 
906 1335.94 
907 1336.8 
908 1337.88 
909 1339.16 
910 1340.64 
911 1342.32 
912 1344.19 
913 1346.26 
914 1348.51 
915 1350.94 
916 1353.54 
917 1356.32 
918 1359.27 
919 1362.38 
920 1365.66 
921 1369.08 
922 1372.66 
923 1376.38 
924 1380.25 
925 1384.25 
926 1388.38 
927 1392.64 
928 1397.02 
929 1401.52 
930 1406.13 
931 1410.85 
932 1415.67 
933 1420.58 
934 1425.59 
935 1430.69 
936 1435.87 
937 1441.12 
938 1446.44 
939 1451.84 
940 1457.29 
941 1462.79 
942 1468.35 
943 1473.95 
944 1479.58 
945 1485.25 
946 1490.95 
947 1496.67 
948 1502.4 
949 1508.14 
950 1513.89 
951 1519.63 
952 1525.37 
953 1531.1 
954 1536.82 
955 1542.53 
956 1548.21 
957 1553.88 
958 1559.52 
959 1565.14 
960 1570.73 
961 1576.28 
962 1581.8 
963 1587.28 
964 1592.72 
965 1598.12 
966 1603.46 
967 1608.75 
968 1613.99 
969 1619.16 
970 1624.28 
971 1629.33 
972 1634.31 
973 1639.22 
974 1644.05 
975 1648.81 
976 1653.48 
977 1658.06 
978 1662.56 
979 1666.96 
980 1671.26 
981 1675.47 
982 1679.57 
983 1683.56 
984 1687.44 
985 1691.2 
986 1694.84 
987 1698.36 
988 1701.76 
989 1705.02 
990 1708.15 
991 1711.14 
992 1713.99 
993 1716.69 
994 1719.24 
995 1721.64 
996 1723.87 
997 1725.95 
998 1727.86 
999 1729.59 
1000 1731.15 
1001 1732.54 
1002 1733.75 
1003 1734.77 
1004 1735.63 
1005 1736.31 
1006 1736.81 
1007 1737.15 
1008 1737.31 
1009 1737.31 
1010 1737.14 
1011 1736.8 
1012 1736.29 
1013 1735.62 
1014 1734.79 
1015 1733.8 
1016 1732.65 
1017 1731.34 
1018 1729.87 
1019 1728.25 
1020 1726.48 
1021 1724.55 
1022 1722.47 
1023 1720.24 
1024 1717.86 
1025 1715.34 
1026 1712.67 
1027 1709.86 
1028 1706.91 
1029 1703.82 
1030 1700.59 
1031 1697.23 
1032 1693.73 
1033 1690.09 
1034 1686.33 
1035 1682.43 
1036 1678.41 
1037 1674.26 
1038 1669.99 
1039 1665.59 
1040 1661.08 
1041 1656.44 
1042 1651.69 
1043 1646.82 
1044 1641.84 
1045 1636.75 
1046 1631.54 
1047 1626.23 
1048 1620.82 
1049 1615.3 
1050 1609.68 
1051 1603.96 
1052 1598.15 
1053 1592.24 
1054 1586.23 
1055 1580.15 
1056 1573.97 
1057 1567.72 
1058 1561.39 
1059 1554.98 
1060 1548.5 
1061 1541.95 
1062 1535.33 
1063 1528.65 
1064 1521.91 
1065 1515.12 
1066 1508.27 
1067 1501.37 
1068 1494.43 
1069 1487.44 
1070 1480.41 
1071 1473.35 
1072 1466.26 
1073 1459.13 
1074 1451.98 
1075 1444.81 
1076 1437.62 
1077 1430.41 
1078 1423.19 
1079 1415.97 
1080 1408.74 
1081 1401.5 
1082 1394.28 
1083 1387.05 
1084 1379.84 
1085 1372.65 
1086 1365.47 
1087 1358.31 
1088 1351.18 
1089 1344.08 
1090 1337.01 
1091 1329.99 
1092 1323 
1093 1316.05 
1094 1309.16 
1095 1302.32 
1096 1295.54 
1097 1288.82 
1098 1282.17 
1099 1275.58 
1100 1269.08 
1101 1262.64 
1102 1256.29 
1103 1250.02 
1104 1243.84 
1105 1237.73 
1106 1231.71 
1107 1225.78 
1108 1219.94 
1109 1214.18 
1110 1208.52 
1111 1202.95 
1112 1197.47 
1113 1192.08 
1114 1186.79 
1115 1181.6 
1116 1176.51 
1117 1171.52 
1118 1166.63 
1119 1161.84 
1120 1157.16 
1121 1152.59 
1122 1148.12 
1123 1143.76 
1124 1139.51 
1125 1135.37 
1126 1131.35 
1127 1127.44 
1128 1123.65 
1129 1119.97 
1130 1116.42 
1131 1112.98 
1132 1109.67 
1133 1106.48 
1134 1103.42 
1135 1100.48 
1136 1097.67 
1137 1094.99 
1138 1092.45 
1139 1090.03 
1140 1087.76 
1141 1085.61 
1142 1083.61 
1143 1081.74 
1144 1080.02 
1145 1078.44 
1146 1077 
1147 1075.71 
1148 1074.56 
1149 1073.57 
1150 1072.73 
1151 1072.03 
1152 1071.49 
1153 1071.1 
1154 1070.85 
1155 1070.75 
1156 1070.79 
1157 1070.97 
1158 1071.29 
1159 1071.74 
1160 1072.33 
1161 1073.05 
1162 1073.9 
1163 1074.88 
1164 1075.99 
1165 1077.21 
1166 1078.56 
1167 1080.02 
1168 1081.61 
1169 1083.3 
1170 1085.11 
1171 1087.03 
1172 1089.06 
1173 1091.19 
1174 1093.42 
1175 1095.75 
1176 1098.18 
1177 1100.71 
1178 1103.32 
1179 1106.03 
1180 1108.83 
1181 1111.71 
1182 1114.67 
1183 1117.72 
1184 1120.84 
1185 1124.03 
1186 1127.3 
1187 1130.64 
1188 1134.05 
1189 1137.52 
1190 1141.05 
1191 1144.64 
1192 1148.29 
1193 1151.99 
1194 1155.74 
1195 1159.54 
1196 1163.39 
1197 1167.27 
1198 1171.2 
1199 1175.17 
1200 1179.16 
1201 1183.19 
1202 1187.25 
1203 1191.33 
1204 1195.44 
1205 1199.57 
1206 1203.72 
1207 1207.89 
1208 1212.07 
1209 1216.26 
1210 1220.47 
1211 1224.68 
1212 1228.9 
1213 1233.12 
1214 1237.34 
1215 1241.55 
1216 1245.77 
1217 1249.98 
1218 1254.17 
1219 1258.36 
1220 1262.53 
1221 1266.68 
1222 1270.82 
1223 1274.93 
1224 1279.02 
1225 1283.08 
1226 1287.11 
1227 1291.1 
1228 1295.07 
1229 1298.99 
1230 1302.87 
1231 1306.71 
1232 1310.5 
1233 1314.25 
1234 1317.94 
1235 1321.58 
1236 1325.16 
1237 1328.68 
1238 1332.14 
1239 1335.53 
1240 1338.85 
1241 1342.1 
1242 1345.28 
1243 1348.38 
1244 1351.4 
1245 1354.34 
1246 1357.19 
1247 1359.95 
1248 1362.62 
1249 1365.19 
1250 1367.66 
1251 1370.04 
1252 1372.31 
1253 1374.48 
1254 1376.55 
1255 1378.51 
1256 1380.37 
1257 1382.13 
1258 1383.78 
1259 1385.32 
1260 1386.76 
1261 1388.09 
1262 1389.31 
1263 1390.43 
1264 1391.44 
1265 1392.33 
1266 1393.12 
1267 1393.8 
1268 1394.37 
1269 1394.83 
1270 1395.17 
1271 1395.41 
1272 1395.53 
1273 1395.53 
1274 1395.43 
1275 1395.21 
1276 1394.87 
1277 1394.42 
1278 1393.85 
1279 1393.16 
1280 1392.36 
1281 1391.44 
1282 1390.4 
1283 1389.24 
1284 1387.96 
1285 1386.56 
1286 1385.04 
1287 1383.4 
1288 1381.64 
1289 1379.75 
1290 1377.74 
1291 1375.61 
1292 1373.35 
1293 1370.97 
1294 1368.46 
1295 1365.83 
1296 1363.07 
1297 1360.18 
1298 1357.16 
1299 1354.02 
1300 1350.75 
1301 1347.34 
1302 1343.81 
1303 1340.16 
1304 1336.38 
1305 1332.48 
1306 1328.46 
1307 1324.32 
1308 1320.07 
1309 1315.7 
1310 1311.23 
1311 1306.64 
1312 1301.95 
1313 1297.15 
1314 1292.25 
1315 1287.25 
1316 1282.16 
1317 1276.96 
1318 1271.68 
1319 1266.3 
1320 1260.84 
1321 1255.28 
1322 1249.65 
1323 1243.93 
1324 1238.13 
1325 1232.26 
1326 1226.31 
1327 1220.29 
1328 1214.2 
1329 1208.04 
1330 1201.81 
1331 1195.53 
1332 1189.18 
1333 1182.78 
1334 1176.32 
1335 1169.81 
1336 1163.24 
1337 1156.63 
1338 1149.98 
1339 1143.28 
1340 1136.55 
1341 1129.78 
1342 1122.97 
1343 1116.13 
1344 1109.26 
1345 1102.37 
1346 1095.45 
1347 1088.51 
1348 1081.55 
1349 1074.58 
1350 1067.59 
1351 1060.59 
1352 1053.59 
1353 1046.58 
1354 1039.57 
1355 1032.55 
1356 1025.53 
1357 1018.52 
1358 1011.51 
1359 1004.5 
1360 997.501 
1361 990.512 
1362 983.534 
1363 976.57 
1364 969.622 
1365 962.692 
1366 955.782 
1367 948.893 
1368 942.028 
1369 935.189 
1370 928.379 
1371 921.599 
1372 914.851 
1373 908.138 
1374 901.461 
1375 894.823 
1376 888.227 
1377 881.673 
1378 875.165 
1379 868.705 
1380 862.294 
1381 855.936 
1382 849.632 
1383 843.384 
1384 837.196 
1385 831.068 
1386 825.005 
1387 819.006 
1388 813.076 
1389 807.217 
1390 801.43 
1391 795.718 
1392 790.084 
1393 784.53 
1394 779.057 
1395 773.67 
1396 768.37 
1397 763.159 
1398 758.04 
1399 753.015 
1400 748.087 
1401 743.258 
1402 738.528 
1403 733.897 
1404 729.365 
1405 724.93 
1406 720.593 
1407 716.354 
1408 712.212 
1409 708.167 
1410 704.219 
1411 700.366 
1412 696.61 
1413 692.949 
1414 689.384 
1415 685.914 
1416 682.538 
1417 679.256 
1418 676.068 
1419 672.974 
1420 669.973 
1421 667.065 
1422 664.25 
1423 661.526 
1424 658.894 
1425 656.354 
1426 653.904 
1427 651.546 
1428 649.277 
1429 647.098 
1430 645.009 
1431 643.008 
1432 641.097 
1433 639.273 
1434 637.537 
1435 635.889 
1436 634.328 
1437 632.853 
1438 631.464 
1439 630.161 
1440 628.944 
1441 627.811 
1442 626.762 
1443 625.798 
1444 624.917 
1445 624.119 
1446 623.403 
1447 622.77 
1448 622.218 
1449 621.748 
1450 621.358 
1451 621.049 
1452 620.818 
1453 620.665 
1454 620.587 
1455 620.585 
1456 620.656 
1457 620.798 
1458 621.012 
1459 621.294 
1460 621.643 
1461 622.059 
1462 622.54 
1463 623.083 
1464 623.689 
1465 624.355 
1466 625.079 
1467 625.861 
1468 626.698 
1469 627.589 
1470 628.533 
1471 629.529 
1472 630.573 
1473 631.666 
1474 632.805 
1475 633.989 
1476 635.217 
1477 636.485 
1478 637.794 
1479 639.142 
1480 640.526 
1481 641.945 
1482 643.398 
1483 644.883 
1484 646.398 
1485 647.941 
1486 649.511 
1487 651.106 
1488 652.725 
1489 654.366 
1490 656.026 
1491 657.705 
1492 659.4 
1493 661.11 
1494 662.833 
1495 664.567 
1496 666.311 
1497 668.063 
1498 669.82 
1499 671.581 
1500 673.345 
1501 675.109 
1502 676.872 
1503 678.633 
1504 680.391 
1505 682.145 
1506 683.893 
1507 685.633 
1508 687.366 
1509 689.089 
1510 690.801 
1511 692.501 
1512 694.187 
1513 695.859 
1514 697.515 
1515 699.154 
1516 700.774 
1517 702.374 
1518 703.953 
1519 705.509 
1520 707.041 
1521 708.548 
1522 710.029 
1523 711.481 
1524 712.904 
1525 714.297 
1526 715.657 
1527 716.984 
1528 718.275 
1529 719.531 
1530 720.749 
1531 721.927 
1532 723.066 
1533 724.162 
1534 725.214 
1535 726.222 
1536 727.184 
1537 728.098 
1538 728.963 
1539 729.777 
1540 730.538 
1541 731.247 
1542 731.9 
1543 732.496 
1544 733.034 
1545 733.513 
1546 733.93 
1547 734.285 
1548 734.576 
1549 734.801 
1550 734.958 
1551 735.047 
1552 735.068 
1553 735.02 
1554 734.906 
1555 734.724 
1556 734.476 
1557 734.163 
1558 733.783 
1559 733.339 
1560 732.831 
1561 732.259 
1562 731.623 
1563 730.925 
1564 730.165 
1565 729.342 
1566 728.459 
1567 727.515 
1568 726.511 
1569 725.447 
1570 724.325 
1571 723.144 
1572 721.905 
1573 720.608 
1574 719.255 
1575 717.846 
1576 716.382 
1577 714.862 
1578 713.288 
1579 711.66 
1580 709.978 
1581 708.244 
1582 706.458 
1583 704.621 
1584 702.732 
1585 700.794 
1586 698.805 
1587 696.768 
1588 694.682 
1589 692.549 
1590 690.368 
1591 688.141 
1592 685.867 
1593 683.549 
1594 681.186 
1595 678.779 
1596 676.328 
1597 673.835 
1598 671.3 
1599 668.723 
1600 666.106 
1601 663.449 
1602 660.753 
1603 658.02 
1604 655.251 
1605 652.447 
1606 649.609 
1607 646.74 
1608 643.839 
1609 640.91 
1610 637.952 
1611 634.968 
1612 631.959 
1613 628.926 
1614 625.87 
1615 622.794 
1616 619.698 
1617 616.583 
1618 613.453 
1619 610.306 
1620 607.146 
1621 603.974 
1622 600.79 
1623 597.597 
1624 594.396 
1625 591.189 
1626 587.976 
1627 584.76 
1628 581.542 
1629 578.323 
1630 575.105 
1631 571.89 
1632 568.678 
1633 565.473 
1634 562.274 
1635 559.084 
1636 555.904 
1637 552.736 
1638 549.582 
1639 546.442 
1640 543.319 
1641 540.214 
1642 537.128 
1643 534.064 
1644 531.023 
1645 528.007 
1646 525.017 
1647 522.054 
1648 519.122 
1649 516.22 
1650 513.351 
1651 510.516 
1652 507.717 
1653 504.952 
1654 502.222 
1655 499.528 
1656 496.869 
1657 494.247 
1658 491.66 
1659 489.11 
1660 486.596 
1661 484.12 
1662 481.68 
1663 479.278 
1664 476.913 
1665 474.586 
1666 472.298 
1667 470.047 
1668 467.835 
1669 465.662 
1670 463.528 
1671 461.433 
1672 459.377 
1673 457.362 
1674 455.386 
1675 453.451 
1676 451.556 
1677 449.702 
1678 447.889 
1679 446.117 
1680 444.386 
1681 442.697 
1682 441.051 
1683 439.446 
1684 437.884 
1685 436.365 
1686 434.889 
1687 433.456 
1688 432.066 
1689 430.721 
1690 429.419 
1691 428.161 
1692 426.949 
1693 425.78 
1694 424.657 
1695 423.58 
1696 422.547 
1697 421.561 
1698 420.621 
1699 419.727 
1700 418.879 
1701 418.079 
1702 417.324 
1703 416.616 
1704 415.953 
1705 415.334 
1706 414.76 
1707 414.229 
1708 413.742 
1709 413.297 
1710 412.894 
1711 412.532 
1712 412.212 
1713 411.932 
1714 411.691 
1715 411.49 
1716 411.327 
1717 411.202 
1718 411.115 
1719 411.064 
1720 411.05 
1721 411.072 
1722 411.129 
1723 411.22 
1724 411.345 
1725 411.503 
1726 411.695 
1727 411.918 
1728 412.173 
1729 412.458 
1730 412.774 
1731 413.12 
1732 413.494 
1733 413.897 
1734 414.328 
1735 414.786 
1736 415.271 
1737 415.781 
1738 416.316 
1739 416.876 
1740 417.46 
1741 418.068 
1742 418.697 
1743 419.349 
1744 420.022 
1745 420.716 
1746 421.43 
1747 422.163 
1748 422.914 
1749 423.684 
1750 424.47 
1751 425.274 
1752 426.093 
1753 426.927 
1754 427.776 
1755 428.638 
1756 429.514 
1757 430.401 
1758 431.301 
1759 432.211 
1760 433.131 
1761 434.061 
1762 435 
1763 435.946 
1764 436.9 
1765 437.86 
1766 438.825 
1767 439.796 
1768 440.771 
1769 441.749 
1770 442.73 
1771 443.713 
1772 444.697 
1773 445.682 
1774 446.666 
1775 447.648 
1776 448.629 
1777 449.607 
1778 450.582 
1779 451.552 
1780 452.517 
1781 453.476 
1782 454.428 
1783 455.373 
1784 456.31 
1785 457.237 
1786 458.154 
1787 459.061 
1788 459.955 
1789 460.838 
1790 461.707 
1791 462.562 
1792 463.402 
1793 464.226 
1794 465.033 
1795 465.823 
1796 466.595 
1797 467.347 
1798 468.079 
1799 468.791 
1800 469.48 
1801 470.147 
1802 470.791 
1803 471.411 
1804 472.008 
1805 472.58 
1806 473.128 
1807 473.652 
1808 474.15 
1809 474.622 
1810 475.069 
1811 475.489 
1812 475.882 
1813 476.249 
1814 476.588 
1815 476.899 
1816 477.182 
1817 477.436 
1818 477.662 
1819 477.858 
1820 478.025 
1821 478.161 
1822 478.267 
1823 478.343 
1824 478.387 
1825 478.399 
1826 478.379 
1827 478.327 
1828 478.243 
1829 478.125 
1830 477.973 
1831 477.788 
1832 477.568 
1833 477.313 
1834 477.024 
1835 476.699 
1836 476.337 
1837 475.94 
1838 475.505 
1839 475.034 
1840 474.525 
1841 473.978 
1842 473.392 
1843 472.768 
1844 472.105 
1845 471.402 
1846 470.658 
1847 469.875 
1848 469.05 
1849 468.184 
1850 467.277 
1851 466.327 
1852 465.336 
1853 464.304 
1854 463.231 
1855 462.118 
1856 460.965 
1857 459.774 
1858 458.544 
1859 457.275 
1860 455.97 
1861 454.627 
1862 453.248 
1863 451.834 
1864 450.384 
1865 448.899 
1866 447.38 
1867 445.827 
1868 444.241 
1869 442.623 
1870 440.973 
1871 439.291 
1872 437.578 
1873 435.835 
1874 434.063 
1875 432.261 
1876 430.43 
1877 428.572 
1878 426.686 
1879 424.773 
1880 422.834 
1881 420.87 
1882 418.88 
1883 416.866 
1884 414.828 
1885 412.767 
1886 410.683 
1887 408.576 
1888 406.449 
1889 404.3 
1890 402.132 
1891 399.943 
1892 397.736 
1893 395.51 
1894 393.267 
1895 391.006 
1896 388.729 
1897 386.436 
1898 384.128 
1899 381.805 
1900 379.468 
1901 377.118 
1902 374.756 
1903 372.382 
1904 369.998 
1905 367.604 
1906 365.202 
1907 362.793 
1908 360.377 
1909 357.955 
1910 355.53 
1911 353.1 
1912 350.668 
1913 348.235 
1914 345.801 
1915 343.368 
1916 340.936 
1917 338.507 
1918 336.082 
1919 333.662 
1920 331.247 
1921 328.839 
1922 326.439 
1923 324.047 
1924 321.666 
1925 319.296 
1926 316.937 
1927 314.592 
1928 312.262 
1929 309.946 
1930 307.647 
1931 305.365 
1932 303.102 
1933 300.859 
1934 298.636 
1935 296.435 
1936 294.257 
1937 292.104 
1938 289.975 
1939 287.873 
1940 285.798 
1941 283.752 
1942 281.736 
1943 279.751 
1944 277.797 
1945 275.877 
1946 273.991 
1947 272.141 
1948 270.327 
1949 268.551 
1950 266.814 
1951 265.117 
1952 263.459 
1953 261.84 
1954 260.259 
1955 258.715 
1956 257.207 
1957 255.735 
1958 254.298 
1959 252.895 
1960 251.525 
1961 250.187 
1962 248.881 
1963 247.607 
1964 246.362 
1965 245.147 
1966 243.96 
1967 242.801 
1968 241.668 
1969 240.562 
1970 239.481 
1971 238.425 
1972 237.392 
1973 236.382 
1974 235.394 
1975 234.428 
1976 233.481 
1977 232.554 
1978 231.646 
1979 230.755 
1980 229.882 
1981 229.024 
1982 228.182 
1983 227.354 
1984 226.54 
1985 225.738 
1986 224.948 
1987 224.169 
1988 223.4 
1989 222.64 
1990 221.888 
1991 221.144 
1992 220.406 
1993 219.674 
1994 218.946 
1995 218.222 
1996 217.501 
1997 216.782 
1998 216.063 
1999 215.345 
2000 214.626 
