-10 1.06846e+16 1.84407e-16 -9.22035e-17 0.166667 0.833333 2.18345e-13 0 0 0 
-9.89899 1.12464e+16 1.75325e-16 -8.76624e-17 0.166667 0.833333 2.95629e-13 0 0 0 
-9.79798 1.18374e+16 1.6669e-16 -8.33449e-17 0.166667 0.833333 4.00268e-13 0 0 0 
-9.69697 1.24589e+16 1.5848e-16 -7.92401e-17 0.166667 0.833333 5.41945e-13 0 0 0 
-9.59596 1.31126e+16 1.50675e-16 -7.53375e-17 0.166667 0.833333 7.3377e-13 0 0 0 
-9.49495 1.38002e+16 1.43254e-16 -7.1627e-17 0.166667 0.833333 9.93492e-13 0 0 0 
-9.39394 1.45235e+16 1.36199e-16 -6.80994e-17 0.166667 0.833333 1.34514e-12 0 0 0 
-9.29293 1.52841e+16 1.29491e-16 -6.47454e-17 0.166667 0.833333 1.82126e-12 0 0 0 
-9.19192 1.60842e+16 1.23113e-16 -6.15566e-17 0.166667 0.833333 2.46591e-12 0 0 0 
-9.09091 1.69258e+16 1.1705e-16 -5.85249e-17 0.166667 0.833333 3.33873e-12 0 0 0 
-8.9899 1.78109e+16 1.11285e-16 -5.56425e-17 0.166667 0.833333 4.5205e-12 0 0 0 
-8.88889 1.87419e+16 1.05804e-16 -5.29021e-17 0.166667 0.833333 6.12055e-12 0 0 0 
-8.78788 1.97211e+16 1.00593e-16 -5.02966e-17 0.166667 0.833333 8.28696e-12 0 0 0 
-8.68687 2.0751e+16 9.56389e-17 -4.78194e-17 0.166667 0.833333 1.12202e-11 0 0 0 
-8.58586 2.18343e+16 9.09286e-17 -4.54643e-17 0.166667 0.833333 1.51916e-11 0 0 0 
-8.48485 2.29737e+16 8.64503e-17 -4.32251e-17 0.166667 0.833333 2.05688e-11 0 0 0 
-8.38384 2.41721e+16 8.21925e-17 -4.10963e-17 0.166667 0.833333 2.78492e-11 0 0 0 
-8.28283 2.54327e+16 7.81445e-17 -3.90722e-17 0.166667 0.833333 3.77066e-11 0 0 0 
-8.18182 2.67585e+16 7.42958e-17 -3.71479e-17 0.166667 0.833333 5.1053e-11 0 0 0 
-8.08081 2.81529e+16 7.06367e-17 -3.53183e-17 0.166667 0.833333 6.91235e-11 0 0 0 
-7.9798 2.96197e+16 6.71577e-17 -3.35789e-17 0.166667 0.833333 9.35901e-11 0 0 0 
-7.87879 3.11624e+16 6.38502e-17 -3.19251e-17 0.166667 0.833333 1.26717e-10 0 0 0 
-7.77778 3.2785e+16 6.07055e-17 -3.03527e-17 0.166667 0.833333 1.71569e-10 0 0 0 
-7.67677 3.44917e+16 5.77157e-17 -2.88578e-17 0.166667 0.833333 2.32297e-10 0 0 0 
-7.57576 3.62867e+16 5.48731e-17 -2.74366e-17 0.166667 0.833333 3.1452e-10 0 0 0 
-7.47475 3.81748e+16 5.21706e-17 -2.60853e-17 0.166667 0.833333 4.25845e-10 0 0 0 
-7.37374 4.01607e+16 4.96011e-17 -2.48006e-17 0.166667 0.833333 5.76576e-10 0 0 0 
-7.27273 4.22494e+16 4.71582e-17 -2.35791e-17 0.166667 0.833333 7.80658e-10 0 0 0 
-7.17172 4.44464e+16 4.48357e-17 -2.24178e-17 0.166667 0.833333 1.05698e-09 0 0 0 
-7.07071 4.67571e+16 4.26275e-17 -2.13137e-17 0.166667 0.833333 1.4311e-09 0 0 0 
-6.9697 4.91876e+16 4.0528e-17 -2.0264e-17 0.166667 0.833333 1.93764e-09 0 0 0 
-6.86869 5.1744e+16 3.8532e-17 -1.9266e-17 0.166667 0.833333 2.62348e-09 0 0 0 
-6.76768 5.44327e+16 3.66343e-17 -1.83171e-17 0.166667 0.833333 3.55208e-09 0 0 0 
-6.66667 5.72608e+16 3.483e-17 -1.7415e-17 0.166667 0.833333 4.80936e-09 0 0 0 
-6.56566 6.02354e+16 3.31146e-17 -1.65573e-17 0.166667 0.833333 6.51166e-09 0 0 0 
-6.46465 6.33641e+16 3.14837e-17 -1.57418e-17 0.166667 0.833333 8.81649e-09 0 0 0 
-6.36364 6.66548e+16 2.99331e-17 -1.49665e-17 0.166667 0.833333 1.19371e-08 0 0 0 
-6.26263 7.0116e+16 2.84588e-17 -1.42294e-17 0.166667 0.833333 1.61624e-08 0 0 0 
-6.16162 7.37565e+16 2.70572e-17 -1.35286e-17 0.166667 0.833333 2.18831e-08 0 0 0 
-6.06061 7.75856e+16 2.57246e-17 -1.28623e-17 0.166667 0.833333 2.96288e-08 0 0 0 
-5.9596 8.1613e+16 2.44577e-17 -1.22288e-17 0.166667 0.833333 4.0116e-08 0 0 0 
-5.85859 8.58491e+16 2.32531e-17 -1.16265e-17 0.166667 0.833333 5.43153e-08 0 0 0 
-5.75758 9.03046e+16 2.21079e-17 -1.10539e-17 0.166667 0.833333 7.35405e-08 0 0 0 
-5.65657 9.49909e+16 2.1019e-17 -1.05095e-17 0.166667 0.833333 9.95706e-08 0 0 0 
-5.55556 9.992e+16 1.99838e-17 -9.99191e-18 0.166667 0.833333 1.34814e-07 0 0 0 
-5.45455 1.05104e+17 1.89996e-17 -9.4998e-18 0.166667 0.833333 1.82532e-07 0 0 0 
-5.35354 1.10557e+17 1.80639e-17 -9.03192e-18 0.166667 0.833333 2.47141e-07 0 0 0 
-5.25253 1.16293e+17 1.71742e-17 -8.58709e-18 0.166667 0.833333 3.34617e-07 0 0 0 
-5.15152 1.22325e+17 1.63284e-17 -8.16417e-18 0.166667 0.833333 4.53057e-07 0 0 0 
-5.05051 1.2867e+17 1.55242e-17 -7.76207e-18 0.166667 0.833333 6.13419e-07 0 0 0 
-4.94949 1.35344e+17 1.47596e-17 -7.37978e-18 0.166667 0.833333 8.30542e-07 0 0 0 
-4.84848 1.42364e+17 1.40327e-17 -7.01631e-18 0.166666 0.833332 1.12452e-06 0 0 0 
-4.74747 1.49747e+17 1.33416e-17 -6.67075e-18 0.166666 0.833332 1.52254e-06 0 0 0 
-4.64646 1.57512e+17 1.26845e-17 -6.3422e-18 0.166666 0.833332 2.06146e-06 0 0 0 
-4.54545 1.6568e+17 1.20598e-17 -6.02983e-18 0.166666 0.833331 2.79112e-06 0 0 0 
-4.44444 1.74271e+17 1.14658e-17 -5.73284e-18 0.166666 0.83333 3.77904e-06 0 0 0 
-4.34343 1.83307e+17 1.09011e-17 -5.45047e-18 0.166666 0.833329 5.11665e-06 0 0 0 
-4.24242 1.92811e+17 1.03642e-17 -5.18201e-18 0.166666 0.833328 6.92771e-06 0 0 0 
-4.14141 2.02807e+17 9.8538e-18 -4.92676e-18 0.166665 0.833326 9.37978e-06 0 0 0 
-4.0404 2.13321e+17 9.36851e-18 -4.68407e-18 0.166665 0.833323 1.26998e-05 0 0 0 
-3.93939 2.2438e+17 8.90712e-18 -4.45333e-18 0.166664 0.833319 1.71948e-05 0 0 0 
-3.83838 2.36012e+17 8.46846e-18 -4.23393e-18 0.166663 0.833314 2.32809e-05 0 0 0 
-3.73737 2.48246e+17 8.05141e-18 -4.02533e-18 0.166661 0.833307 3.15211e-05 0 0 0 
-3.63636 2.61114e+17 7.65492e-18 -3.82697e-18 0.16666 0.833298 4.26776e-05 0 0 0 
-3.53535 2.74648e+17 7.27796e-18 -3.63835e-18 0.166657 0.833285 5.77827e-05 0 0 0 
-3.43434 2.88883e+17 6.91959e-18 -3.45898e-18 0.166654 0.833268 7.82337e-05 0 0 0 
-3.33333 3.03856e+17 6.57888e-18 -3.2884e-18 0.166649 0.833245 0.000105922 0 0 0 
-3.23232 3.19604e+17 6.25498e-18 -3.12615e-18 0.166643 0.833214 0.000143408 0 0 0 
-3.13131 3.36167e+17 5.94707e-18 -2.9718e-18 0.166634 0.833172 0.000194159 0 0 0 
-3.0303 3.53588e+17 5.65437e-18 -2.82495e-18 0.166623 0.833114 0.000262864 0 0 0 
-2.92929 3.7191e+17 5.37613e-18 -2.6852e-18 0.166607 0.833037 0.000355873 0 0 0 
-2.82828 3.91181e+17 5.11168e-18 -2.55214e-18 0.166586 0.832932 0.000481775 0 0 0 
-2.72727 4.11448e+17 4.86034e-18 -2.42541e-18 0.166558 0.83279 0.000652191 0 0 0 
-2.62626 4.32763e+17 4.62149e-18 -2.30463e-18 0.16652 0.832598 0.000882834 0 0 0 
-2.52525 4.5518e+17 4.39457e-18 -2.18941e-18 0.166468 0.832338 0.00119494 0 0 0 
-2.42424 4.78753e+17 4.17902e-18 -2.07937e-18 0.166397 0.831986 0.00161722 0 0 0 
-2.32323 5.03541e+17 3.97433e-18 -1.97412e-18 0.166302 0.83151 0.00218839 0 0 0 
-2.22222 5.29604e+17 3.78006e-18 -1.87324e-18 0.166173 0.830866 0.00296069 0 0 0 
-2.12121 5.57006e+17 3.59577e-18 -1.77629e-18 0.165999 0.829996 0.00400444 0 0 0 
-2.0202 5.85809e+17 3.42109e-18 -1.68276e-18 0.165764 0.828822 0.00541416 0 0 0 
-1.91919 6.16079e+17 3.25572e-18 -1.59213e-18 0.165447 0.827236 0.00731651 0 0 0 
-1.81818 6.47882e+17 3.09938e-18 -1.50375e-18 0.16502 0.825099 0.00988065 0 0 0 
-1.71717 6.81281e+17 2.95188e-18 -1.41691e-18 0.164445 0.822224 0.0133313 0 0 0 
-1.61616 7.16339e+17 2.81311e-18 -1.33075e-18 0.163672 0.818362 0.0179653 0 0 0 
-1.51515 7.53112e+17 2.68305e-18 -1.24425e-18 0.162638 0.813191 0.0241705 0 0 0 
-1.41414 7.91649e+17 2.5618e-18 -1.15621e-18 0.161259 0.806293 0.0324481 0 0 0 
-1.31313 8.31979e+17 2.44957e-18 -1.06519e-18 0.159428 0.797138 0.0434345 0 0 0 
-1.21212 8.74121e+17 2.34676e-18 -9.69502e-19 0.157014 0.785068 0.0579179 0 0 0 
-1.11111 9.18053e+17 2.25394e-18 -8.6717e-19 0.15386 0.769298 0.076843 0 0 0 
-1.0101 9.63726e+17 2.17188e-18 -7.55964e-19 0.149785 0.748927 0.101287 0 0 0 
-0.909091 1.01102e+18 2.1016e-18 -6.33448e-19 0.144601 0.723007 0.132392 0 0 0 
-0.808081 1.05978e+18 2.04437e-18 -4.97104e-19 0.138129 0.690643 0.171229 0 0 0 
-0.707071 1.10975e+18 2.00172e-18 -3.44532e-19 0.130235 0.651177 0.218588 0 0 0 
-0.606061 1.16059e+18 1.97539e-18 -1.73722e-19 0.120883 0.604413 0.274704 0 0 0 
-0.505051 1.21184e+18 1.96728e-18 1.66558e-20 0.11017 0.550852 0.338978 0 0 0 
-0.40404 1.26307e+18 1.97942e-18 2.27018e-19 0.0983679 0.49184 0.409792 0 0 0 
-0.30303 1.31381e+18 2.0138e-18 4.56801e-19 0.0859072 0.429536 0.484557 0 0 0 
-0.20202 1.36328e+18 2.07232e-18 7.04645e-19 0.0733302 0.366651 0.560019 0 0 0 
-0.10101 1.41068e+18 2.1567e-18 9.68806e-19 0.0611992 0.305996 0.632805 0 0 0 
0 1.45676e+18 2.26853e-18 1.24769e-18 0.05 0.25 0.7 0 0 0 
