2 13.4008 
3 23.8612 
4 36.2015 
5 50.0883 
6 65.272 
7 81.5327 
8 98.7122 
9 116.653 
10 135.234 
11 154.339 
12 173.875 
13 193.747 
14 213.883 
15 234.213 
16 254.653 
17 275.159 
18 295.691 
19 316.205 
20 336.648 
21 356.958 
22 377.104 
23 397.062 
24 416.808 
25 436.31 
26 455.533 
27 474.459 
28 493.069 
29 511.342 
30 529.252 
31 546.771 
32 563.891 
33 580.611 
34 596.927 
35 612.836 
36 628.333 
37 643.409 
38 658.055 
39 672.257 
40 685.996 
41 699.255 
42 712.033 
43 724.334 
44 736.162 
45 747.521 
46 758.414 
47 768.842 
48 778.805 
49 788.302 
50 797.329 
51 805.885 
52 813.973 
53 821.603 
54 828.781 
55 835.514 
56 841.808 
57 847.668 
58 853.098 
59 858.099 
60 862.674 
61 866.822 
62 870.552 
63 873.875 
64 876.8 
65 879.336 
66 881.49 
67 883.272 
68 884.688 
69 885.743 
70 886.442 
71 886.79 
72 886.796 
73 886.473 
74 885.829 
75 884.874 
76 883.618 
77 882.069 
78 880.235 
79 878.122 
80 875.737 
81 873.085 
82 870.177 
83 867.023 
84 863.634 
85 860.021 
86 856.191 
87 852.155 
88 847.919 
89 843.493 
90 838.881 
91 834.092 
92 829.134 
93 824.017 
94 818.75 
95 813.341 
96 807.798 
97 802.128 
98 796.338 
99 790.434 
100 784.42 
101 778.304 
102 772.093 
103 765.798 
104 759.43 
105 752.998 
106 746.511 
107 739.979 
108 733.409 
109 726.811 
110 720.191 
111 713.557 
112 706.915 
113 700.271 
114 693.632 
115 687.001 
116 680.384 
117 673.784 
118 667.204 
119 660.646 
120 654.113 
121 647.605 
122 641.131 
123 634.697 
124 628.31 
125 621.977 
126 615.704 
127 609.498 
128 603.365 
129 597.309 
130 591.336 
131 585.45 
132 579.656 
133 573.957 
134 568.356 
135 562.857 
136 557.461 
137 552.171 
138 546.988 
139 541.912 
140 536.945 
141 532.085 
142 527.339 
143 522.708 
144 518.198 
145 513.812 
146 509.553 
147 505.424 
148 501.428 
149 497.566 
150 493.842 
151 490.257 
152 486.811 
153 483.506 
154 480.343 
155 477.32 
156 474.439 
157 471.698 
158 469.097 
159 466.632 
160 464.304 
161 462.109 
162 460.05 
163 458.127 
164 456.341 
165 454.695 
166 453.188 
167 451.821 
168 450.594 
169 449.508 
170 448.561 
171 447.755 
172 447.086 
173 446.555 
174 446.16 
175 445.899 
176 445.771 
177 445.772 
178 445.9 
179 446.152 
180 446.525 
181 447.015 
182 447.622 
183 448.345 
184 449.184 
185 450.137 
186 451.204 
187 452.382 
188 453.672 
189 455.07 
190 456.575 
191 458.186 
192 459.899 
193 461.712 
194 463.622 
195 465.627 
196 467.722 
197 469.905 
198 472.172 
199 474.519 
200 476.941 
201 479.435 
202 481.999 
203 484.631 
204 487.331 
205 490.097 
206 492.927 
207 495.82 
208 498.773 
209 501.784 
210 504.852 
211 507.974 
212 511.148 
213 514.371 
214 517.64 
215 520.953 
216 524.307 
217 527.699 
218 531.125 
219 534.582 
220 538.067 
221 541.576 
222 545.105 
223 548.649 
224 552.206 
225 555.771 
226 559.34 
227 562.91 
228 566.481 
229 570.051 
230 573.618 
231 577.18 
232 580.736 
233 584.285 
234 587.823 
235 591.35 
236 594.864 
237 598.362 
238 601.842 
239 605.303 
240 608.742 
241 612.157 
242 615.546 
243 618.906 
244 622.236 
245 625.532 
246 628.792 
247 632.014 
248 635.195 
249 638.332 
250 641.422 
251 644.464 
252 647.455 
253 650.396 
254 653.284 
255 656.119 
256 658.9 
257 661.626 
258 664.295 
259 666.908 
260 669.463 
261 671.958 
262 674.394 
263 676.769 
264 679.081 
265 681.33 
266 683.516 
267 685.636 
268 687.69 
269 689.677 
270 691.596 
271 693.446 
272 695.226 
273 696.934 
274 698.57 
275 700.133 
276 701.622 
277 703.036 
278 704.377 
279 705.643 
280 706.835 
281 707.953 
282 708.997 
283 709.968 
284 710.866 
285 711.69 
286 712.442 
287 713.121 
288 713.729 
289 714.264 
290 714.728 
291 715.122 
292 715.445 
293 715.698 
294 715.882 
295 715.998 
296 716.045 
297 716.025 
298 715.938 
299 715.785 
300 715.567 
301 715.284 
302 714.937 
303 714.528 
304 714.055 
305 713.521 
306 712.926 
307 712.27 
308 711.555 
309 710.781 
310 709.95 
311 709.061 
312 708.117 
313 707.118 
314 706.064 
315 704.958 
316 703.8 
317 702.591 
318 701.332 
319 700.025 
320 698.671 
321 697.27 
322 695.825 
323 694.337 
324 692.806 
325 691.235 
326 689.625 
327 687.976 
328 686.292 
329 684.573 
330 682.82 
331 681.036 
332 679.223 
333 677.38 
334 675.512 
335 673.619 
336 671.702 
337 669.765 
338 667.809 
339 665.835 
340 663.846 
341 661.844 
342 659.831 
343 657.808 
344 655.779 
345 653.745 
346 651.708 
347 649.67 
348 647.635 
349 645.604 
350 643.58 
351 641.565 
352 639.559 
353 637.564 
354 635.581 
355 633.61 
356 631.653 
357 629.709 
358 627.78 
359 625.867 
360 623.97 
361 622.091 
362 620.23 
363 618.388 
364 616.566 
365 614.765 
366 612.986 
367 611.229 
368 609.496 
369 607.787 
370 606.103 
371 604.445 
372 602.815 
373 601.213 
374 599.639 
375 598.096 
376 596.583 
377 595.102 
378 593.654 
379 592.24 
380 590.86 
381 589.515 
382 588.208 
383 586.938 
384 585.706 
385 584.514 
386 583.362 
387 582.252 
388 581.185 
389 580.161 
390 579.181 
391 578.248 
392 577.36 
393 576.521 
394 575.73 
395 574.989 
396 574.299 
397 573.66 
398 573.074 
399 572.543 
400 572.066 
401 571.646 
402 571.281 
403 570.972 
404 570.719 
405 570.521 
406 570.379 
407 570.291 
408 570.258 
409 570.279 
410 570.354 
411 570.483 
412 570.665 
413 570.9 
414 571.188 
415 571.527 
416 571.919 
417 572.361 
418 572.855 
419 573.398 
420 573.991 
421 574.634 
422 575.325 
423 576.064 
424 576.85 
425 577.683 
426 578.562 
427 579.486 
428 580.456 
429 581.469 
430 582.525 
431 583.624 
432 584.764 
433 585.945 
434 587.166 
435 588.426 
436 589.725 
437 591.06 
438 592.432 
439 593.84 
440 595.281 
441 596.756 
442 598.263 
443 599.802 
444 601.37 
445 602.968 
446 604.593 
447 606.245 
448 607.923 
449 609.624 
450 611.349 
451 613.096 
452 614.863 
453 616.651 
454 618.458 
455 620.283 
456 622.126 
457 623.986 
458 625.861 
459 627.752 
460 629.656 
461 631.573 
462 633.503 
463 635.443 
464 637.393 
465 639.352 
466 641.32 
467 643.294 
468 645.274 
469 647.258 
470 649.246 
471 651.237 
472 653.229 
473 655.22 
474 657.211 
475 659.199 
476 661.184 
477 663.163 
478 665.137 
479 667.102 
480 669.059 
481 671.006 
482 672.942 
483 674.864 
484 676.772 
485 678.664 
486 680.539 
487 682.395 
488 684.231 
489 686.045 
490 687.836 
491 689.602 
492 691.341 
493 693.052 
494 694.734 
495 696.384 
496 698.002 
497 699.584 
498 701.131 
499 702.639 
500 704.107 
501 705.533 
502 706.917 
503 708.259 
504 709.559 
505 710.815 
506 712.027 
507 713.196 
508 714.321 
509 715.401 
510 716.436 
511 717.426 
512 718.37 
513 719.268 
514 720.121 
515 720.926 
516 721.685 
517 722.396 
518 723.06 
519 723.675 
520 724.243 
521 724.761 
522 725.231 
523 725.651 
524 726.022 
525 726.342 
526 726.612 
527 726.831 
528 727 
529 727.117 
530 727.182 
531 727.195 
532 727.155 
533 727.063 
534 726.917 
535 726.718 
536 726.466 
537 726.159 
538 725.798 
539 725.382 
540 724.91 
541 724.384 
542 723.801 
543 723.163 
544 722.467 
545 721.715 
546 720.906 
547 720.04 
548 719.115 
549 718.133 
550 717.092 
551 715.992 
552 714.834 
553 713.619 
554 712.346 
555 711.016 
556 709.63 
557 708.189 
558 706.693 
559 705.143 
560 703.538 
561 701.881 
562 700.172 
563 698.41 
564 696.598 
565 694.735 
566 692.822 
567 690.861 
568 688.851 
569 686.793 
570 684.689 
571 682.539 
572 680.344 
573 678.104 
574 675.82 
575 673.494 
576 671.126 
577 668.717 
578 666.267 
579 663.779 
580 661.251 
581 658.687 
582 656.085 
583 653.448 
584 650.777 
585 648.072 
586 645.333 
587 642.564 
588 639.763 
589 636.933 
590 634.074 
591 631.188 
592 628.275 
593 625.337 
594 622.374 
595 619.389 
596 616.381 
597 613.352 
598 610.304 
599 607.238 
600 604.154 
601 601.054 
602 597.938 
603 594.808 
604 591.664 
605 588.508 
606 585.339 
607 582.158 
608 578.967 
609 575.766 
610 572.557 
611 569.339 
612 566.114 
613 562.882 
614 559.645 
615 556.403 
616 553.157 
617 549.909 
618 546.658 
619 543.407 
620 540.155 
621 536.904 
622 533.655 
623 530.409 
624 527.166 
625 523.928 
626 520.696 
627 517.47 
628 514.252 
629 511.043 
630 507.843 
631 504.654 
632 501.477 
633 498.313 
634 495.163 
635 492.028 
636 488.909 
637 485.807 
638 482.724 
639 479.661 
640 476.617 
641 473.596 
642 470.598 
643 467.624 
644 464.675 
645 461.753 
646 458.859 
647 455.993 
648 453.158 
649 450.354 
650 447.583 
651 444.846 
652 442.143 
653 439.474 
654 436.84 
655 434.241 
656 431.676 
657 429.147 
658 426.652 
659 424.193 
660 421.77 
661 419.383 
662 417.031 
663 414.715 
664 412.436 
665 410.193 
666 407.987 
667 405.817 
668 403.685 
669 401.589 
670 399.531 
671 397.51 
672 395.526 
673 393.58 
674 391.672 
675 389.801 
676 387.969 
677 386.175 
678 384.419 
679 382.701 
680 381.023 
681 379.382 
682 377.781 
683 376.219 
684 374.695 
685 373.211 
686 371.766 
687 370.361 
688 368.995 
689 367.669 
690 366.382 
691 365.136 
692 363.929 
693 362.762 
694 361.635 
695 360.549 
696 359.503 
697 358.497 
698 357.532 
699 356.608 
700 355.724 
701 354.881 
702 354.078 
703 353.315 
704 352.591 
705 351.906 
706 351.26 
707 350.652 
708 350.081 
709 349.547 
710 349.05 
711 348.589 
712 348.163 
713 347.772 
714 347.416 
715 347.093 
716 346.804 
717 346.547 
718 346.323 
719 346.13 
720 345.968 
721 345.836 
722 345.735 
723 345.662 
724 345.618 
725 345.602 
726 345.613 
727 345.651 
728 345.714 
729 345.803 
730 345.916 
731 346.053 
732 346.214 
733 346.396 
734 346.601 
735 346.826 
736 347.072 
737 347.337 
738 347.621 
739 347.923 
740 348.242 
741 348.578 
742 348.929 
743 349.295 
744 349.675 
745 350.068 
746 350.473 
747 350.89 
748 351.318 
749 351.755 
750 352.201 
751 352.655 
752 353.117 
753 353.585 
754 354.06 
755 354.542 
756 355.029 
757 355.521 
758 356.019 
759 356.52 
760 357.025 
761 357.533 
762 358.044 
763 358.558 
764 359.073 
765 359.589 
766 360.106 
767 360.623 
768 361.14 
769 361.656 
770 362.17 
771 362.683 
772 363.193 
773 363.7 
774 364.203 
775 364.701 
776 365.195 
777 365.684 
778 366.166 
779 366.642 
780 367.111 
781 367.572 
782 368.024 
783 368.467 
784 368.901 
785 369.324 
786 369.737 
787 370.138 
788 370.526 
789 370.902 
790 371.264 
791 371.611 
792 371.944 
793 372.261 
794 372.562 
795 372.846 
796 373.113 
797 373.361 
798 373.59 
799 373.799 
800 373.987 
801 374.155 
802 374.301 
803 374.426 
804 374.53 
805 374.613 
806 374.675 
807 374.715 
808 374.735 
809 374.734 
810 374.712 
811 374.669 
812 374.606 
813 374.522 
814 374.417 
815 374.291 
816 374.145 
817 373.979 
818 373.792 
819 373.585 
820 373.358 
821 373.11 
822 372.842 
823 372.555 
824 372.247 
825 371.919 
826 371.571 
827 371.204 
828 370.817 
829 370.411 
830 369.984 
831 369.539 
832 369.074 
833 368.59 
834 368.086 
835 367.564 
836 367.022 
837 366.462 
838 365.883 
839 365.285 
840 364.668 
841 364.033 
842 363.38 
843 362.708 
844 362.018 
845 361.31 
846 360.584 
847 359.84 
848 359.078 
849 358.299 
850 357.502 
851 356.688 
852 355.857 
853 355.009 
854 354.145 
855 353.265 
856 352.369 
857 351.458 
858 350.533 
859 349.593 
860 348.64 
861 347.673 
862 346.693 
863 345.7 
864 344.695 
865 343.679 
866 342.651 
867 341.612 
868 340.563 
869 339.503 
870 338.435 
871 337.357 
872 336.27 
873 335.176 
874 334.073 
875 332.964 
876 331.847 
877 330.725 
878 329.596 
879 328.463 
880 327.325 
881 326.182 
882 325.036 
883 323.886 
884 322.734 
885 321.579 
886 320.423 
887 319.266 
888 318.108 
889 316.95 
890 315.792 
891 314.635 
892 313.48 
893 312.328 
894 311.177 
895 310.03 
896 308.887 
897 307.749 
898 306.615 
899 305.487 
900 304.365 
901 303.25 
902 302.141 
903 301.04 
904 299.947 
905 298.861 
906 297.783 
907 296.713 
908 295.651 
909 294.598 
910 293.554 
911 292.519 
912 291.493 
913 290.477 
914 289.471 
915 288.474 
916 287.488 
917 286.513 
918 285.548 
919 284.594 
920 283.651 
921 282.72 
922 281.801 
923 280.894 
924 279.999 
925 279.117 
926 278.247 
927 277.391 
928 276.548 
929 275.718 
930 274.902 
931 274.101 
932 273.314 
933 272.541 
934 271.784 
935 271.042 
936 270.315 
937 269.604 
938 268.909 
939 268.23 
940 267.568 
941 266.923 
942 266.295 
943 265.685 
944 265.092 
945 264.518 
946 263.962 
947 263.424 
948 262.905 
949 262.406 
950 261.926 
951 261.466 
952 261.026 
953 260.605 
954 260.203 
955 259.821 
956 259.457 
957 259.112 
958 258.786 
959 258.478 
960 258.189 
961 257.917 
962 257.663 
963 257.427 
964 257.208 
965 257.006 
966 256.821 
967 256.654 
968 256.502 
969 256.367 
970 256.248 
971 256.145 
972 256.058 
973 255.986 
974 255.929 
975 255.888 
976 255.861 
977 255.849 
978 255.851 
979 255.867 
980 255.897 
981 255.94 
982 255.997 
983 256.067 
984 256.149 
985 256.245 
986 256.352 
987 256.472 
988 256.603 
989 256.746 
990 256.9 
991 257.065 
992 257.241 
993 257.428 
994 257.624 
995 257.831 
996 258.046 
997 258.272 
998 258.506 
999 258.749 
1000 259.001 
1001 259.26 
1002 259.528 
1003 259.802 
1004 260.085 
1005 260.373 
1006 260.669 
1007 260.97 
1008 261.278 
1009 261.591 
1010 261.909 
1011 262.232 
1012 262.559 
1013 262.89 
1014 263.225 
1015 263.564 
1016 263.905 
1017 264.25 
1018 264.596 
1019 264.944 
1020 265.294 
1021 265.645 
1022 265.997 
1023 266.349 
1024 266.701 
1025 267.053 
1026 267.404 
1027 267.754 
1028 268.103 
1029 268.449 
1030 268.793 
1031 269.134 
1032 269.472 
1033 269.807 
1034 270.137 
1035 270.463 
1036 270.784 
1037 271.1 
1038 271.41 
1039 271.714 
1040 272.011 
1041 272.301 
1042 272.584 
1043 272.859 
1044 273.126 
1045 273.384 
1046 273.632 
1047 273.871 
1048 274.1 
1049 274.317 
1050 274.524 
1051 274.72 
1052 274.903 
1053 275.075 
1054 275.235 
1055 275.383 
1056 275.519 
1057 275.643 
1058 275.754 
1059 275.854 
1060 275.94 
1061 276.015 
1062 276.076 
1063 276.125 
1064 276.161 
1065 276.184 
1066 276.194 
1067 276.191 
1068 276.175 
1069 276.145 
1070 276.102 
1071 276.045 
1072 275.975 
1073 275.891 
1074 275.793 
1075 275.681 
1076 275.555 
1077 275.415 
1078 275.261 
1079 275.093 
1080 274.91 
1081 274.712 
1082 274.5 
1083 274.273 
1084 274.031 
1085 273.774 
1086 273.502 
1087 273.214 
1088 272.912 
1089 272.594 
1090 272.26 
1091 271.911 
1092 271.547 
1093 271.166 
1094 270.769 
1095 270.357 
1096 269.928 
1097 269.482 
1098 269.021 
1099 268.543 
1100 268.048 
1101 267.537 
1102 267.009 
1103 266.465 
1104 265.904 
1105 265.328 
1106 264.736 
1107 264.129 
1108 263.507 
1109 262.869 
1110 262.217 
1111 261.55 
1112 260.869 
1113 260.173 
1114 259.464 
1115 258.741 
1116 258.005 
1117 257.256 
1118 256.494 
1119 255.719 
1120 254.932 
1121 254.132 
1122 253.321 
1123 252.498 
1124 251.663 
1125 250.818 
1126 249.961 
1127 249.094 
1128 248.216 
1129 247.329 
1130 246.431 
1131 245.524 
1132 244.607 
1133 243.682 
1134 242.747 
1135 241.805 
1136 240.854 
1137 239.895 
1138 238.928 
1139 237.954 
1140 236.973 
1141 235.985 
1142 234.991 
1143 233.99 
1144 232.984 
1145 231.972 
1146 230.954 
1147 229.932 
1148 228.904 
1149 227.873 
1150 226.837 
1151 225.798 
1152 224.755 
1153 223.708 
1154 222.659 
1155 221.607 
1156 220.552 
1157 219.495 
1158 218.436 
1159 217.375 
1160 216.312 
1161 215.248 
1162 214.183 
1163 213.118 
1164 212.052 
1165 210.985 
1166 209.919 
1167 208.853 
1168 207.787 
1169 206.722 
1170 205.659 
1171 204.596 
1172 203.536 
1173 202.477 
1174 201.42 
1175 200.366 
1176 199.315 
1177 198.267 
1178 197.222 
1179 196.181 
1180 195.143 
1181 194.11 
1182 193.081 
1183 192.057 
1184 191.039 
1185 190.025 
1186 189.018 
1187 188.016 
1188 187.021 
1189 186.032 
1190 185.05 
1191 184.075 
1192 183.108 
1193 182.149 
1194 181.198 
1195 180.255 
1196 179.321 
1197 178.397 
1198 177.482 
1199 176.576 
1200 175.681 
1201 174.796 
1202 173.922 
1203 173.058 
1204 172.204 
1205 171.361 
1206 170.529 
1207 169.708 
1208 168.897 
1209 168.097 
1210 167.308 
1211 166.53 
1212 165.763 
1213 165.006 
1214 164.261 
1215 163.526 
1216 162.803 
1217 162.091 
1218 161.39 
1219 160.7 
1220 160.021 
1221 159.354 
1222 158.698 
1223 158.053 
1224 157.42 
1225 156.798 
1226 156.187 
1227 155.589 
1228 155.001 
1229 154.426 
1230 153.862 
1231 153.309 
1232 152.769 
1233 152.24 
1234 151.723 
1235 151.218 
1236 150.724 
1237 150.243 
1238 149.774 
1239 149.317 
1240 148.871 
1241 148.438 
1242 148.017 
1243 147.608 
1244 147.212 
1245 146.827 
1246 146.455 
1247 146.096 
1248 145.748 
1249 145.414 
1250 145.091 
1251 144.781 
1252 144.484 
1253 144.198 
1254 143.925 
1255 143.663 
1256 143.413 
1257 143.175 
1258 142.947 
1259 142.731 
1260 142.526 
1261 142.331 
1262 142.147 
1263 141.974 
1264 141.81 
1265 141.656 
1266 141.513 
1267 141.378 
1268 141.254 
1269 141.138 
1270 141.031 
1271 140.933 
1272 140.844 
1273 140.763 
1274 140.691 
1275 140.626 
1276 140.569 
1277 140.519 
1278 140.477 
1279 140.442 
1280 140.414 
1281 140.393 
1282 140.378 
1283 140.37 
1284 140.367 
1285 140.371 
1286 140.38 
1287 140.394 
1288 140.414 
1289 140.438 
1290 140.467 
1291 140.501 
1292 140.539 
1293 140.581 
1294 140.627 
1295 140.676 
1296 140.729 
1297 140.784 
1298 140.843 
1299 140.904 
1300 140.967 
1301 141.033 
1302 141.1 
1303 141.17 
1304 141.241 
1305 141.313 
1306 141.387 
1307 141.462 
1308 141.538 
1309 141.615 
1310 141.693 
1311 141.772 
1312 141.85 
1313 141.93 
1314 142.009 
1315 142.088 
1316 142.168 
1317 142.247 
1318 142.325 
1319 142.403 
1320 142.48 
1321 142.556 
1322 142.631 
1323 142.704 
1324 142.776 
1325 142.847 
1326 142.916 
1327 142.982 
1328 143.047 
1329 143.109 
1330 143.169 
1331 143.226 
1332 143.281 
1333 143.332 
1334 143.38 
1335 143.425 
1336 143.467 
1337 143.505 
1338 143.538 
1339 143.568 
1340 143.594 
1341 143.615 
1342 143.631 
1343 143.643 
1344 143.65 
1345 143.652 
1346 143.648 
1347 143.639 
1348 143.624 
1349 143.603 
1350 143.576 
1351 143.543 
1352 143.503 
1353 143.457 
1354 143.405 
1355 143.347 
1356 143.283 
1357 143.212 
1358 143.135 
1359 143.052 
1360 142.963 
1361 142.867 
1362 142.766 
1363 142.658 
1364 142.544 
1365 142.424 
1366 142.298 
1367 142.166 
1368 142.028 
1369 141.884 
1370 141.734 
1371 141.578 
1372 141.416 
1373 141.247 
1374 141.073 
1375 140.893 
1376 140.707 
1377 140.516 
1378 140.318 
1379 140.114 
1380 139.905 
1381 139.69 
1382 139.469 
1383 139.242 
1384 139.009 
1385 138.771 
1386 138.527 
1387 138.277 
1388 138.021 
1389 137.76 
1390 137.493 
1391 137.221 
1392 136.943 
1393 136.659 
1394 136.37 
1395 136.075 
1396 135.775 
1397 135.469 
1398 135.158 
1399 134.841 
1400 134.519 
1401 134.191 
1402 133.858 
1403 133.52 
1404 133.177 
1405 132.829 
1406 132.477 
1407 132.119 
1408 131.758 
1409 131.392 
1410 131.021 
1411 130.647 
1412 130.269 
1413 129.887 
1414 129.501 
1415 129.112 
1416 128.719 
1417 128.323 
1418 127.925 
1419 127.523 
1420 127.119 
1421 126.712 
1422 126.302 
1423 125.89 
1424 125.476 
1425 125.06 
1426 124.642 
1427 124.223 
1428 123.802 
1429 123.379 
1430 122.955 
1431 122.531 
1432 122.105 
1433 121.678 
1434 121.251 
1435 120.824 
1436 120.396 
1437 119.968 
1438 119.54 
1439 119.112 
1440 118.685 
1441 118.258 
1442 117.832 
1443 117.407 
1444 116.983 
1445 116.56 
1446 116.138 
1447 115.718 
1448 115.3 
1449 114.884 
1450 114.469 
1451 114.057 
1452 113.647 
1453 113.24 
1454 112.835 
1455 112.433 
1456 112.033 
1457 111.636 
1458 111.242 
1459 110.85 
1460 110.462 
1461 110.076 
1462 109.693 
1463 109.314 
1464 108.937 
1465 108.564 
1466 108.195 
1467 107.829 
1468 107.466 
1469 107.107 
1470 106.751 
1471 106.399 
1472 106.051 
1473 105.707 
1474 105.367 
1475 105.031 
1476 104.699 
1477 104.371 
1478 104.047 
1479 103.728 
1480 103.413 
1481 103.103 
1482 102.797 
1483 102.496 
1484 102.2 
1485 101.908 
1486 101.622 
1487 101.34 
1488 101.064 
1489 100.793 
1490 100.527 
1491 100.266 
1492 100.011 
1493 99.7611 
1494 99.5169 
1495 99.2785 
1496 99.0458 
1497 98.8189 
1498 98.598 
1499 98.383 
1500 98.1742 
1501 97.9716 
1502 97.7751 
1503 97.5846 
1504 97.4002 
1505 97.2217 
1506 97.0491 
1507 96.8823 
1508 96.7212 
1509 96.5658 
1510 96.416 
1511 96.2717 
1512 96.1329 
1513 95.9995 
1514 95.8715 
1515 95.7487 
1516 95.6311 
1517 95.5186 
1518 95.4112 
1519 95.3087 
1520 95.2112 
1521 95.1185 
1522 95.0306 
1523 94.9473 
1524 94.8687 
1525 94.7947 
1526 94.7251 
1527 94.6598 
1528 94.599 
1529 94.5423 
1530 94.4898 
1531 94.4414 
1532 94.3971 
1533 94.3566 
1534 94.3201 
1535 94.2873 
1536 94.2582 
1537 94.2327 
1538 94.2107 
1539 94.1922 
1540 94.1771 
1541 94.1653 
1542 94.1567 
1543 94.1513 
1544 94.1489 
1545 94.1494 
1546 94.1529 
1547 94.1591 
1548 94.168 
1549 94.1796 
1550 94.1937 
1551 94.2103 
1552 94.2292 
1553 94.2504 
1554 94.2738 
1555 94.2992 
1556 94.3266 
1557 94.3559 
1558 94.387 
1559 94.4198 
1560 94.4541 
1561 94.49 
1562 94.5272 
1563 94.5657 
1564 94.6054 
1565 94.6462 
1566 94.688 
1567 94.7306 
1568 94.7741 
1569 94.8182 
1570 94.8629 
1571 94.908 
1572 94.9535 
1573 94.9993 
1574 95.0452 
1575 95.0912 
1576 95.1371 
1577 95.1828 
1578 95.2282 
1579 95.2733 
1580 95.3178 
1581 95.3618 
1582 95.405 
1583 95.4474 
1584 95.4889 
1585 95.5293 
1586 95.5685 
1587 95.6065 
1588 95.6431 
1589 95.6781 
1590 95.7116 
1591 95.7433 
1592 95.7731 
1593 95.801 
1594 95.8268 
1595 95.8504 
1596 95.8716 
1597 95.8905 
1598 95.9067 
1599 95.9203 
1600 95.9311 
1601 95.9389 
1602 95.9439 
1603 95.9458 
1604 95.9447 
1605 95.9405 
1606 95.9332 
1607 95.9228 
1608 95.9093 
1609 95.8925 
1610 95.8725 
1611 95.8492 
1612 95.8226 
1613 95.7927 
1614 95.7593 
1615 95.7226 
1616 95.6824 
1617 95.6387 
1618 95.5915 
1619 95.5407 
1620 95.4863 
1621 95.4283 
1622 95.3666 
1623 95.3012 
1624 95.2321 
1625 95.1591 
1626 95.0824 
1627 95.0017 
1628 94.9172 
1629 94.8287 
1630 94.7363 
1631 94.6398 
1632 94.5393 
1633 94.4347 
1634 94.3259 
1635 94.213 
1636 94.0959 
1637 93.9745 
1638 93.8488 
1639 93.7188 
1640 93.5844 
1641 93.4457 
1642 93.3024 
1643 93.1547 
1644 93.0025 
1645 92.8457 
1646 92.6843 
1647 92.5182 
1648 92.3474 
1649 92.172 
1650 91.9917 
1651 91.8066 
1652 91.6168 
1653 91.4223 
1654 91.2231 
1655 91.0194 
1656 90.8111 
1657 90.5983 
1658 90.3811 
1659 90.1596 
1660 89.9338 
1661 89.7037 
1662 89.4694 
1663 89.231 
1664 88.9885 
1665 88.742 
1666 88.4916 
1667 88.2373 
1668 87.9792 
1669 87.7173 
1670 87.4516 
1671 87.1824 
1672 86.9096 
1673 86.6332 
1674 86.3534 
1675 86.0702 
1676 85.7837 
1677 85.4939 
1678 85.2009 
1679 84.9048 
1680 84.6056 
1681 84.3034 
1682 83.9983 
1683 83.6903 
1684 83.3795 
1685 83.0659 
1686 82.7497 
1687 82.4308 
1688 82.1094 
1689 81.7856 
1690 81.4593 
1691 81.1307 
1692 80.7998 
1693 80.4668 
1694 80.1316 
1695 79.7943 
1696 79.4551 
1697 79.114 
1698 78.771 
1699 78.4262 
1700 78.0797 
1701 77.7316 
1702 77.382 
1703 77.0309 
1704 76.6784 
1705 76.3247 
1706 75.9698 
1707 75.6138 
1708 75.2568 
1709 74.8989 
1710 74.5402 
1711 74.1808 
1712 73.8208 
1713 73.4602 
1714 73.0992 
1715 72.7379 
1716 72.3763 
1717 72.0146 
1718 71.6528 
1719 71.2911 
1720 70.9295 
1721 70.5682 
1722 70.2072 
1723 69.8466 
1724 69.4866 
1725 69.1272 
1726 68.7686 
1727 68.4107 
1728 68.0539 
1729 67.698 
1730 67.3434 
1731 66.9899 
1732 66.6378 
1733 66.2872 
1734 65.9381 
1735 65.5906 
1736 65.245 
1737 64.9012 
1738 64.5593 
1739 64.2196 
1740 63.882 
1741 63.5468 
1742 63.2139 
1743 62.8835 
1744 62.5558 
1745 62.2307 
1746 61.9085 
1747 61.5893 
1748 61.2731 
1749 60.9601 
1750 60.6503 
1751 60.3439 
1752 60.0409 
1753 59.7413 
1754 59.4452 
1755 59.1524 
1756 58.8631 
1757 58.5772 
1758 58.2947 
1759 58.0157 
1760 57.7401 
1761 57.468 
1762 57.1994 
1763 56.9343 
1764 56.6726 
1765 56.4145 
1766 56.1599 
1767 55.9087 
1768 55.6611 
1769 55.4171 
1770 55.1765 
1771 54.9395 
1772 54.7061 
1773 54.4762 
1774 54.2499 
1775 54.0272 
1776 53.808 
1777 53.5924 
1778 53.3805 
1779 53.1721 
1780 52.9674 
1781 52.7663 
1782 52.5688 
1783 52.3749 
1784 52.1847 
1785 51.9982 
1786 51.8153 
1787 51.6361 
1788 51.4606 
1789 51.2887 
1790 51.1205 
1791 50.9561 
1792 50.7953 
1793 50.6383 
1794 50.485 
1795 50.3354 
1796 50.1895 
1797 50.0474 
1798 49.9091 
1799 49.7745 
1800 49.6437 
1801 49.5166 
1802 49.3933 
1803 49.2736 
1804 49.1575 
1805 49.0451 
1806 48.9361 
1807 48.8306 
1808 48.7284 
1809 48.6296 
1810 48.5342 
1811 48.4419 
1812 48.3528 
1813 48.2668 
1814 48.184 
1815 48.1041 
1816 48.0271 
1817 47.9531 
1818 47.8819 
1819 47.8135 
1820 47.7478 
1821 47.6847 
1822 47.6243 
1823 47.5664 
1824 47.511 
1825 47.458 
1826 47.4074 
1827 47.3591 
1828 47.3131 
1829 47.2692 
1830 47.2275 
1831 47.1878 
1832 47.1501 
1833 47.1144 
1834 47.0805 
1835 47.0485 
1836 47.0182 
1837 46.9896 
1838 46.9626 
1839 46.9372 
1840 46.9133 
1841 46.8909 
1842 46.8698 
1843 46.85 
1844 46.8314 
1845 46.8141 
1846 46.7978 
1847 46.7826 
1848 46.7684 
1849 46.755 
1850 46.7426 
1851 46.7309 
1852 46.7199 
1853 46.7096 
1854 46.7 
1855 46.6911 
1856 46.6826 
1857 46.6748 
1858 46.6674 
1859 46.6605 
1860 46.654 
1861 46.6478 
1862 46.642 
1863 46.6365 
1864 46.6313 
1865 46.6262 
1866 46.6213 
1867 46.6165 
1868 46.6118 
1869 46.6072 
1870 46.6025 
1871 46.5978 
1872 46.5929 
1873 46.588 
1874 46.5828 
1875 46.5775 
1876 46.5718 
1877 46.5659 
1878 46.5596 
1879 46.5529 
1880 46.5457 
1881 46.538 
1882 46.5298 
1883 46.5211 
1884 46.5116 
1885 46.5016 
1886 46.4907 
1887 46.4792 
1888 46.4668 
1889 46.4535 
1890 46.4393 
1891 46.4242 
1892 46.4081 
1893 46.3909 
1894 46.3727 
1895 46.3532 
1896 46.3326 
1897 46.3108 
1898 46.2877 
1899 46.2632 
1900 46.2373 
1901 46.21 
1902 46.1813 
1903 46.1512 
1904 46.1196 
1905 46.0866 
1906 46.0522 
1907 46.0164 
1908 45.9792 
1909 45.9406 
1910 45.9006 
1911 45.8592 
1912 45.8164 
1913 45.7722 
1914 45.7267 
1915 45.6798 
1916 45.6315 
1917 45.5819 
1918 45.5309 
1919 45.4786 
1920 45.4249 
1921 45.3699 
1922 45.3136 
1923 45.2559 
1924 45.1969 
1925 45.1366 
1926 45.0749 
1927 45.012 
1928 44.9477 
1929 44.8822 
1930 44.8153 
1931 44.7472 
1932 44.6778 
1933 44.6071 
1934 44.5352 
1935 44.4619 
1936 44.3875 
1937 44.3117 
1938 44.2348 
1939 44.1565 
1940 44.0771 
1941 43.9964 
1942 43.9145 
1943 43.8313 
1944 43.747 
1945 43.6614 
1946 43.5747 
1947 43.4867 
1948 43.3976 
1949 43.3073 
1950 43.2158 
1951 43.1231 
1952 43.0293 
1953 42.9343 
1954 42.8382 
1955 42.741 
1956 42.6427 
1957 42.5433 
1958 42.4429 
1959 42.3414 
1960 42.2389 
1961 42.1354 
1962 42.0308 
1963 41.9253 
1964 41.8189 
1965 41.7114 
1966 41.6031 
1967 41.4938 
1968 41.3836 
1969 41.2725 
1970 41.1606 
1971 41.0478 
1972 40.9342 
1973 40.8198 
1974 40.7045 
1975 40.5885 
1976 40.4717 
1977 40.3542 
1978 40.2359 
1979 40.1169 
1980 39.9972 
1981 39.8768 
1982 39.7558 
1983 39.6341 
1984 39.5118 
1985 39.3889 
1986 39.2654 
1987 39.1413 
1988 39.0167 
1989 38.8915 
1990 38.7658 
1991 38.6396 
1992 38.5129 
1993 38.3858 
1994 38.2582 
1995 38.1302 
1996 38.0017 
1997 37.8729 
1998 37.7437 
1999 37.6142 
2000 37.4843 
