2 368.335 
3 257.63 
4 196.784 
5 158.501 
6 132.463 
7 113.808 
8 99.9474 
9 89.4384 
10 81.1637 
11 74.608 
12 69.5739 
13 65.4176 
14 62.1469 
15 59.6728 
16 57.5504 
17 55.8201 
18 54.6134 
19 53.9346 
20 53.6325 
21 53.4635 
22 53.4141 
23 53.527 
24 53.819 
25 54.2767 
26 54.8676 
27 55.5938 
28 56.4572 
29 57.4434 
30 58.5197 
31 59.6467 
32 60.8258 
33 62.0683 
34 63.3826 
35 64.7737 
36 66.243 
37 67.7875 
38 69.3994 
39 71.0661 
40 72.769 
41 74.4892 
42 76.2248 
43 77.978 
44 79.7508 
45 81.5443 
46 83.359 
47 85.1945 
48 87.0496 
49 88.9222 
50 90.8089 
51 92.7065 
52 94.6144 
53 96.5328 
54 98.4613 
55 100.399 
56 102.345 
57 104.298 
58 106.255 
59 108.214 
60 110.171 
61 112.124 
62 114.071 
63 116.012 
64 117.947 
65 119.876 
66 121.798 
67 123.712 
68 125.618 
69 127.515 
70 129.401 
71 131.275 
72 133.137 
73 134.986 
74 136.822 
75 138.644 
76 140.452 
77 142.246 
78 144.023 
79 145.784 
80 147.527 
81 149.251 
82 150.957 
83 152.643 
84 154.31 
85 155.956 
86 157.583 
87 159.189 
88 160.773 
89 162.336 
90 163.877 
91 165.395 
92 166.89 
93 168.362 
94 169.81 
95 171.235 
96 172.635 
97 174.011 
98 175.363 
99 176.689 
100 177.99 
101 179.265 
102 180.513 
103 181.736 
104 182.933 
105 184.103 
106 185.247 
107 186.365 
108 187.456 
109 188.521 
110 189.56 
111 190.571 
112 191.556 
113 192.515 
114 193.446 
115 194.35 
116 195.228 
117 196.078 
118 196.9 
119 197.695 
120 198.462 
121 199.201 
122 199.912 
123 200.596 
124 201.252 
125 201.88 
126 202.48 
127 203.054 
128 203.599 
129 204.118 
130 204.61 
131 205.074 
132 205.512 
133 205.923 
134 206.307 
135 206.665 
136 206.996 
137 207.3 
138 207.578 
139 207.83 
140 208.056 
141 208.256 
142 208.43 
143 208.578 
144 208.7 
145 208.798 
146 208.87 
147 208.917 
148 208.94 
149 208.938 
150 208.911 
151 208.861 
152 208.787 
153 208.689 
154 208.567 
155 208.423 
156 208.255 
157 208.064 
158 207.851 
159 207.615 
160 207.356 
161 207.076 
162 206.773 
163 206.449 
164 206.104 
165 205.737 
166 205.35 
167 204.942 
168 204.514 
169 204.066 
170 203.598 
171 203.111 
172 202.604 
173 202.079 
174 201.535 
175 200.972 
176 200.391 
177 199.793 
178 199.177 
179 198.543 
180 197.892 
181 197.224 
182 196.54 
183 195.84 
184 195.123 
185 194.391 
186 193.643 
187 192.88 
188 192.102 
189 191.31 
190 190.504 
191 189.683 
192 188.849 
193 188.002 
194 187.141 
195 186.268 
196 185.382 
197 184.484 
198 183.573 
199 182.651 
200 181.717 
201 180.773 
202 179.817 
203 178.85 
204 177.873 
205 176.886 
206 175.889 
207 174.883 
208 173.867 
209 172.843 
210 171.81 
211 170.769 
212 169.719 
213 168.662 
214 167.597 
215 166.526 
216 165.447 
217 164.361 
218 163.269 
219 162.171 
220 161.067 
221 159.957 
222 158.841 
223 157.721 
224 156.595 
225 155.464 
226 154.329 
227 153.189 
228 152.046 
229 150.898 
230 149.747 
231 148.593 
232 147.436 
233 146.276 
234 145.113 
235 143.948 
236 142.781 
237 141.612 
238 140.442 
239 139.27 
240 138.097 
241 136.923 
242 135.749 
243 134.573 
244 133.398 
245 132.222 
246 131.047 
247 129.871 
248 128.696 
249 127.522 
250 126.348 
251 125.175 
252 124.003 
253 122.832 
254 121.663 
255 120.496 
256 119.33 
257 118.167 
258 117.005 
259 115.847 
260 114.691 
261 113.538 
262 112.387 
263 111.24 
264 110.097 
265 108.957 
266 107.82 
267 106.687 
268 105.559 
269 104.434 
270 103.313 
271 102.197 
272 101.085 
273 99.9777 
274 98.875 
275 97.7769 
276 96.6837 
277 95.5954 
278 94.5121 
279 93.434 
280 92.3613 
281 91.294 
282 90.2322 
283 89.1761 
284 88.1258 
285 87.0813 
286 86.0427 
287 85.0102 
288 83.9838 
289 82.9635 
290 81.9495 
291 80.9418 
292 79.9404 
293 78.9455 
294 77.957 
295 76.9749 
296 75.9993 
297 75.0302 
298 74.0677 
299 73.1117 
300 72.1622 
301 71.2192 
302 70.2829 
303 69.3533 
304 68.4305 
305 67.5147 
306 66.606 
307 65.7045 
308 64.8101 
309 63.9232 
310 63.0436 
311 62.1716 
312 61.3072 
313 60.4504 
314 59.6013 
315 58.7601 
316 57.9266 
317 57.1011 
318 56.2836 
319 55.474 
320 54.6725 
321 53.879 
322 53.0937 
323 52.3164 
324 51.5473 
325 50.7864 
326 50.0337 
327 49.2891 
328 48.5527 
329 47.8244 
330 47.1043 
331 46.3923 
332 45.6885 
333 44.9927 
334 44.305 
335 43.6253 
336 42.9535 
337 42.2897 
338 41.6337 
339 40.9855 
340 40.345 
341 39.7122 
342 39.0869 
343 38.4691 
344 37.8586 
345 37.2555 
346 36.6595 
347 36.0706 
348 35.4886 
349 34.9134 
350 34.3449 
351 33.783 
352 33.2276 
353 32.6789 
354 32.1367 
355 31.6012 
356 31.0724 
357 30.5503 
358 30.0348 
359 29.5261 
360 29.0241 
361 28.5288 
362 28.0403 
363 27.5585 
364 27.0834 
365 26.6151 
366 26.1534 
367 25.6985 
368 25.2502 
369 24.8086 
370 24.3737 
371 23.9454 
372 23.5237 
373 23.1085 
374 22.6999 
375 22.2977 
376 21.902 
377 21.5127 
378 21.1298 
379 20.7531 
380 20.3827 
381 20.0185 
382 19.6604 
383 19.3084 
384 18.9623 
385 18.6222 
386 18.2878 
387 17.9593 
388 17.6364 
389 17.3191 
390 17.0073 
391 16.7008 
392 16.3997 
393 16.1038 
394 15.8129 
395 15.527 
396 15.2459 
397 14.9696 
398 14.6979 
399 14.4306 
400 14.1678 
401 13.9091 
402 13.6546 
403 13.4044 
404 13.1583 
405 12.9164 
406 12.6787 
407 12.4451 
408 12.2157 
409 11.9904 
410 11.7692 
411 11.5521 
412 11.339 
413 11.13 
414 10.925 
415 10.724 
416 10.527 
417 10.3339 
418 10.1447 
419 9.95934 
420 9.77783 
421 9.60012 
422 9.42617 
423 9.25594 
424 9.08939 
425 8.92647 
426 8.76714 
427 8.61135 
428 8.45905 
429 8.3102 
430 8.16473 
431 8.02259 
432 7.88374 
433 7.7481 
434 7.61562 
435 7.48624 
436 7.35989 
437 7.23651 
438 7.11602 
439 6.99837 
440 6.88347 
441 6.77126 
442 6.66165 
443 6.55457 
444 6.44994 
445 6.34767 
446 6.24769 
447 6.14991 
448 6.05423 
449 5.96057 
450 5.86884 
451 5.77895 
452 5.69089 
453 5.60464 
454 5.52019 
455 5.43754 
456 5.35667 
457 5.27758 
458 5.20024 
459 5.12466 
460 5.05081 
461 4.97869 
462 4.90827 
463 4.83955 
464 4.77251 
465 4.70713 
466 4.6434 
467 4.5813 
468 4.5208 
469 4.4619 
470 4.40457 
471 4.3488 
472 4.29456 
473 4.24183 
474 4.19059 
475 4.14081 
476 4.09248 
477 4.04557 
478 4.00006 
479 3.95592 
480 3.91312 
481 3.87164 
482 3.83145 
483 3.79252 
484 3.75482 
485 3.71833 
486 3.68302 
487 3.64884 
488 3.61578 
489 3.5838 
490 3.55286 
491 3.52294 
492 3.49399 
493 3.46599 
494 3.43889 
495 3.41266 
496 3.38726 
497 3.36266 
498 3.33881 
499 3.31567 
500 3.29321 
501 3.27139 
502 3.2502 
503 3.22964 
504 3.2097 
505 3.19038 
506 3.17168 
507 3.1536 
508 3.13613 
509 3.11927 
510 3.10301 
511 3.08735 
512 3.0723 
513 3.05783 
514 3.04395 
515 3.03066 
516 3.01795 
517 3.00581 
518 2.99424 
519 2.98323 
520 2.97278 
521 2.96289 
522 2.95354 
523 2.94474 
524 2.93647 
525 2.92873 
526 2.92152 
527 2.91482 
528 2.90863 
529 2.90294 
530 2.89775 
531 2.89305 
532 2.88883 
533 2.88508 
534 2.8818 
535 2.87898 
536 2.8766 
537 2.87467 
538 2.87317 
539 2.87209 
540 2.87143 
541 2.87117 
542 2.87131 
543 2.87183 
544 2.87274 
545 2.87401 
546 2.87563 
547 2.87761 
548 2.87992 
549 2.88255 
550 2.8855 
551 2.88876 
552 2.89231 
553 2.89617 
554 2.90034 
555 2.9048 
556 2.90956 
557 2.91462 
558 2.91997 
559 2.92563 
560 2.93158 
561 2.93782 
562 2.94435 
563 2.95118 
564 2.9583 
565 2.96571 
566 2.9734 
567 2.98138 
568 2.98964 
569 2.99819 
570 3.00702 
571 3.01613 
572 3.02552 
573 3.03518 
574 3.04511 
575 3.05532 
576 3.0658 
577 3.07655 
578 3.08756 
579 3.09884 
580 3.11038 
581 3.12218 
582 3.13424 
583 3.14655 
584 3.15912 
585 3.17193 
586 3.18499 
587 3.1983 
588 3.21185 
589 3.22564 
590 3.23967 
591 3.25393 
592 3.26842 
593 3.28315 
594 3.29809 
595 3.31326 
596 3.32865 
597 3.34425 
598 3.36007 
599 3.3761 
600 3.39233 
601 3.40877 
602 3.4254 
603 3.44223 
604 3.45926 
605 3.47647 
606 3.49387 
607 3.51146 
608 3.52923 
609 3.54717 
610 3.56528 
611 3.58357 
612 3.60202 
613 3.62063 
614 3.6394 
615 3.65833 
616 3.67741 
617 3.69663 
618 3.71599 
619 3.7355 
620 3.75514 
621 3.77491 
622 3.7948 
623 3.81482 
624 3.83495 
625 3.8552 
626 3.87556 
627 3.89602 
628 3.91658 
629 3.93723 
630 3.95798 
631 3.9788 
632 3.99971 
633 4.0207 
634 4.04175 
635 4.06287 
636 4.08405 
637 4.10528 
638 4.12657 
639 4.14789 
640 4.16926 
641 4.19066 
642 4.21209 
643 4.23354 
644 4.255 
645 4.27648 
646 4.29796 
647 4.31944 
648 4.34091 
649 4.36237 
650 4.38382 
651 4.40523 
652 4.42662 
653 4.44797 
654 4.46929 
655 4.49056 
656 4.51178 
657 4.53296 
658 4.55407 
659 4.57513 
660 4.59612 
661 4.61704 
662 4.63788 
663 4.65864 
664 4.67932 
665 4.69991 
666 4.7204 
667 4.74079 
668 4.76108 
669 4.78125 
670 4.80131 
671 4.82125 
672 4.84107 
673 4.86075 
674 4.88029 
675 4.8997 
676 4.91895 
677 4.93805 
678 4.957 
679 4.97577 
680 4.99438 
681 5.01281 
682 5.03106 
683 5.04912 
684 5.06699 
685 5.08466 
686 5.10212 
687 5.11937 
688 5.13641 
689 5.15322 
690 5.1698 
691 5.18614 
692 5.20224 
693 5.21809 
694 5.23368 
695 5.24902 
696 5.26408 
697 5.27887 
698 5.29338 
699 5.3076 
700 5.32152 
701 5.33514 
702 5.34846 
703 5.36147 
704 5.37418 
705 5.38657 
706 5.39865 
707 5.41042 
708 5.42187 
709 5.433 
710 5.44381 
711 5.4543 
712 5.46447 
713 5.47431 
714 5.48382 
715 5.493 
716 5.50185 
717 5.51037 
718 5.51855 
719 5.52639 
720 5.53389 
721 5.54105 
722 5.54786 
723 5.55433 
724 5.56045 
725 5.56622 
726 5.57164 
727 5.5767 
728 5.58141 
729 5.58576 
730 5.58975 
731 5.59337 
732 5.59664 
733 5.59953 
734 5.60206 
735 5.60422 
736 5.60601 
737 5.60742 
738 5.60845 
739 5.60911 
740 5.60939 
741 5.60929 
742 5.6088 
743 5.60793 
744 5.60667 
745 5.60502 
746 5.60297 
747 5.60054 
748 5.59771 
749 5.59448 
750 5.59085 
751 5.58682 
752 5.58239 
753 5.57756 
754 5.57234 
755 5.56672 
756 5.56071 
757 5.55431 
758 5.54752 
759 5.54034 
760 5.53278 
761 5.52484 
762 5.51652 
763 5.50782 
764 5.49875 
765 5.4893 
766 5.47948 
767 5.46929 
768 5.45874 
769 5.44782 
770 5.43654 
771 5.42491 
772 5.41292 
773 5.40057 
774 5.38788 
775 5.37483 
776 5.36145 
777 5.34772 
778 5.33365 
779 5.31924 
780 5.3045 
781 5.28943 
782 5.27404 
783 5.25832 
784 5.24228 
785 5.22592 
786 5.20924 
787 5.19226 
788 5.17497 
789 5.15737 
790 5.13947 
791 5.12128 
792 5.10279 
793 5.08401 
794 5.06494 
795 5.04559 
796 5.02596 
797 5.00606 
798 4.98588 
799 4.96544 
800 4.94473 
801 4.92376 
802 4.90254 
803 4.88106 
804 4.85933 
805 4.83736 
806 4.81515 
807 4.7927 
808 4.77002 
809 4.74711 
810 4.72398 
811 4.70062 
812 4.67705 
813 4.65327 
814 4.62928 
815 4.60509 
816 4.5807 
817 4.55611 
818 4.53133 
819 4.50637 
820 4.48123 
821 4.45591 
822 4.43042 
823 4.40477 
824 4.37895 
825 4.35298 
826 4.32685 
827 4.30058 
828 4.27416 
829 4.24761 
830 4.22093 
831 4.19412 
832 4.16719 
833 4.14014 
834 4.11298 
835 4.08572 
836 4.05835 
837 4.0309 
838 4.00335 
839 3.97572 
840 3.94801 
841 3.92023 
842 3.89238 
843 3.86448 
844 3.83652 
845 3.80851 
846 3.78045 
847 3.75236 
848 3.72424 
849 3.6961 
850 3.66793 
851 3.63976 
852 3.61157 
853 3.58338 
854 3.55518 
855 3.52699 
856 3.4988 
857 3.47061 
858 3.44244 
859 3.41427 
860 3.38612 
861 3.35799 
862 3.32989 
863 3.30181 
864 3.27375 
865 3.24573 
866 3.21775 
867 3.1898 
868 3.1619 
869 3.13404 
870 3.10623 
871 3.07848 
872 3.05078 
873 3.02314 
874 2.99556 
875 2.96805 
876 2.94061 
877 2.91325 
878 2.88596 
879 2.85876 
880 2.83164 
881 2.8046 
882 2.77767 
883 2.75082 
884 2.72408 
885 2.69744 
886 2.67091 
887 2.6445 
888 2.61819 
889 2.59201 
890 2.56595 
891 2.54002 
892 2.51422 
893 2.48856 
894 2.46304 
895 2.43766 
896 2.41242 
897 2.38734 
898 2.36242 
899 2.33766 
900 2.31306 
901 2.28863 
902 2.26437 
903 2.24028 
904 2.21636 
905 2.19262 
906 2.16904 
907 2.14564 
908 2.12241 
909 2.09935 
910 2.07647 
911 2.05376 
912 2.03122 
913 2.00887 
914 1.98668 
915 1.96468 
916 1.94285 
917 1.9212 
918 1.89972 
919 1.87843 
920 1.85731 
921 1.83637 
922 1.81561 
923 1.79503 
924 1.77464 
925 1.75442 
926 1.73438 
927 1.71453 
928 1.69485 
929 1.67536 
930 1.65606 
931 1.63693 
932 1.61799 
933 1.59923 
934 1.58066 
935 1.56227 
936 1.54407 
937 1.52605 
938 1.50822 
939 1.49057 
940 1.47311 
941 1.45584 
942 1.43875 
943 1.42185 
944 1.40513 
945 1.38861 
946 1.37227 
947 1.35612 
948 1.34016 
949 1.32439 
950 1.3088 
951 1.29341 
952 1.2782 
953 1.26318 
954 1.24835 
955 1.2337 
956 1.21924 
957 1.20496 
958 1.19087 
959 1.17696 
960 1.16323 
961 1.14968 
962 1.13631 
963 1.12312 
964 1.11011 
965 1.09728 
966 1.08462 
967 1.07214 
968 1.05983 
969 1.04769 
970 1.03573 
971 1.02394 
972 1.01231 
973 1.00086 
974 0.989575 
975 0.978456 
976 0.967503 
977 0.956713 
978 0.946087 
979 0.935623 
980 0.92532 
981 0.915176 
982 0.90519 
983 0.895362 
984 0.885689 
985 0.876171 
986 0.866806 
987 0.857593 
988 0.848531 
989 0.839617 
990 0.830852 
991 0.822233 
992 0.813758 
993 0.805427 
994 0.797239 
995 0.789191 
996 0.781282 
997 0.77351 
998 0.765875 
999 0.758374 
1000 0.751006 
1001 0.74377 
1002 0.736664 
1003 0.729687 
1004 0.722839 
1005 0.716118 
1006 0.709523 
1007 0.703053 
1008 0.696706 
1009 0.690483 
1010 0.684381 
1011 0.678399 
1012 0.672537 
1013 0.666793 
1014 0.661166 
1015 0.655654 
1016 0.650256 
1017 0.644972 
1018 0.6398 
1019 0.634738 
1020 0.629786 
1021 0.624942 
1022 0.620204 
1023 0.615572 
1024 0.611044 
1025 0.606618 
1026 0.602294 
1027 0.59807 
1028 0.593944 
1029 0.589915 
1030 0.585982 
1031 0.582143 
1032 0.578397 
1033 0.574742 
1034 0.571176 
1035 0.567699 
1036 0.564309 
1037 0.561004 
1038 0.557782 
1039 0.554642 
1040 0.551583 
1041 0.548603 
1042 0.5457 
1043 0.542872 
1044 0.540119 
1045 0.537438 
1046 0.534827 
1047 0.532285 
1048 0.52981 
1049 0.527401 
1050 0.525056 
1051 0.522773 
1052 0.520551 
1053 0.518391 
1054 0.516292 
1055 0.514253 
1056 0.512275 
1057 0.510356 
1058 0.508497 
1059 0.506697 
1060 0.504956 
1061 0.503273 
1062 0.501649 
1063 0.500082 
1064 0.498572 
1065 0.497119 
1066 0.495723 
1067 0.494383 
1068 0.493098 
1069 0.491868 
1070 0.490694 
1071 0.489573 
1072 0.488507 
1073 0.487494 
1074 0.486534 
1075 0.485627 
1076 0.484772 
1077 0.483969 
1078 0.483216 
1079 0.482515 
1080 0.481864 
1081 0.481263 
1082 0.480711 
1083 0.480208 
1084 0.479753 
1085 0.479346 
1086 0.478987 
1087 0.478674 
1088 0.478408 
1089 0.478187 
1090 0.478012 
1091 0.477881 
1092 0.477795 
1093 0.477752 
1094 0.477753 
1095 0.477796 
1096 0.477881 
1097 0.478007 
1098 0.478175 
1099 0.478382 
1100 0.47863 
1101 0.478916 
1102 0.479242 
1103 0.479606 
1104 0.480009 
1105 0.48045 
1106 0.48093 
1107 0.481447 
1108 0.482002 
1109 0.482595 
1110 0.483224 
1111 0.483891 
1112 0.484595 
1113 0.485336 
1114 0.486113 
1115 0.486926 
1116 0.487775 
1117 0.48866 
1118 0.48958 
1119 0.490536 
1120 0.491526 
1121 0.492552 
1122 0.493611 
1123 0.494706 
1124 0.495834 
1125 0.496996 
1126 0.498191 
1127 0.49942 
1128 0.500682 
1129 0.501976 
1130 0.503303 
1131 0.504662 
1132 0.506053 
1133 0.507475 
1134 0.508929 
1135 0.510414 
1136 0.51193 
1137 0.513477 
1138 0.515053 
1139 0.516659 
1140 0.518295 
1141 0.519961 
1142 0.521655 
1143 0.523378 
1144 0.52513 
1145 0.526909 
1146 0.528717 
1147 0.530551 
1148 0.532413 
1149 0.534302 
1150 0.536217 
1151 0.538158 
1152 0.540125 
1153 0.542118 
1154 0.544135 
1155 0.546176 
1156 0.548241 
1157 0.550329 
1158 0.55244 
1159 0.554573 
1160 0.556727 
1161 0.558903 
1162 0.5611 
1163 0.563317 
1164 0.565553 
1165 0.567809 
1166 0.570083 
1167 0.572375 
1168 0.574685 
1169 0.577011 
1170 0.579354 
1171 0.581713 
1172 0.584087 
1173 0.586476 
1174 0.588878 
1175 0.591295 
1176 0.593724 
1177 0.596166 
1178 0.59862 
1179 0.601085 
1180 0.60356 
1181 0.606046 
1182 0.608541 
1183 0.611045 
1184 0.613557 
1185 0.616076 
1186 0.618603 
1187 0.621136 
1188 0.623675 
1189 0.626219 
1190 0.628768 
1191 0.63132 
1192 0.633875 
1193 0.636434 
1194 0.638993 
1195 0.641555 
1196 0.644117 
1197 0.646678 
1198 0.649239 
1199 0.651799 
1200 0.654356 
1201 0.656911 
1202 0.659463 
1203 0.662011 
1204 0.664554 
1205 0.667094 
1206 0.669628 
1207 0.672157 
1208 0.67468 
1209 0.677197 
1210 0.679707 
1211 0.68221 
1212 0.684705 
1213 0.687192 
1214 0.689671 
1215 0.692141 
1216 0.694601 
1217 0.697051 
1218 0.699491 
1219 0.701919 
1220 0.704337 
1221 0.706742 
1222 0.709136 
1223 0.711516 
1224 0.713883 
1225 0.716236 
1226 0.718575 
1227 0.720899 
1228 0.723208 
1229 0.725501 
1230 0.727778 
1231 0.730038 
1232 0.73228 
1233 0.734505 
1234 0.736711 
1235 0.738899 
1236 0.741067 
1237 0.743215 
1238 0.745342 
1239 0.747449 
1240 0.749534 
1241 0.751597 
1242 0.753638 
1243 0.755655 
1244 0.757649 
1245 0.759618 
1246 0.761563 
1247 0.763482 
1248 0.765375 
1249 0.767242 
1250 0.769082 
1251 0.770894 
1252 0.772679 
1253 0.774435 
1254 0.776162 
1255 0.777859 
1256 0.779527 
1257 0.781165 
1258 0.782772 
1259 0.784348 
1260 0.785892 
1261 0.787405 
1262 0.788885 
1263 0.790332 
1264 0.791745 
1265 0.793125 
1266 0.794471 
1267 0.795782 
1268 0.797058 
1269 0.798298 
1270 0.799502 
1271 0.80067 
1272 0.8018 
1273 0.802893 
1274 0.803948 
1275 0.804964 
1276 0.805941 
1277 0.806879 
1278 0.807777 
1279 0.808635 
1280 0.809452 
1281 0.810227 
1282 0.81096 
1283 0.811651 
1284 0.812299 
1285 0.812904 
1286 0.813465 
1287 0.813981 
1288 0.814453 
1289 0.814879 
1290 0.815259 
1291 0.815593 
1292 0.81588 
1293 0.816119 
1294 0.81631 
1295 0.816453 
1296 0.816547 
1297 0.816591 
1298 0.816585 
1299 0.816529 
1300 0.816421 
1301 0.816262 
1302 0.816052 
1303 0.81579 
1304 0.815477 
1305 0.815113 
1306 0.814699 
1307 0.814234 
1308 0.813719 
1309 0.813155 
1310 0.812541 
1311 0.811877 
1312 0.811164 
1313 0.810402 
1314 0.809592 
1315 0.808733 
1316 0.807826 
1317 0.806871 
1318 0.805869 
1319 0.804819 
1320 0.803722 
1321 0.802578 
1322 0.801387 
1323 0.80015 
1324 0.798867 
1325 0.797538 
1326 0.796164 
1327 0.794745 
1328 0.79328 
1329 0.791771 
1330 0.790218 
1331 0.78862 
1332 0.786979 
1333 0.785294 
1334 0.783566 
1335 0.781795 
1336 0.779981 
1337 0.778125 
1338 0.776227 
1339 0.774288 
1340 0.772307 
1341 0.770285 
1342 0.768222 
1343 0.766119 
1344 0.763976 
1345 0.761792 
1346 0.75957 
1347 0.757308 
1348 0.755008 
1349 0.752669 
1350 0.750292 
1351 0.747878 
1352 0.745426 
1353 0.742938 
1354 0.740413 
1355 0.737853 
1356 0.735259 
1357 0.73263 
1358 0.729967 
1359 0.727271 
1360 0.724543 
1361 0.721783 
1362 0.718992 
1363 0.716171 
1364 0.713319 
1365 0.710438 
1366 0.707528 
1367 0.70459 
1368 0.701625 
1369 0.698633 
1370 0.695615 
1371 0.692572 
1372 0.689503 
1373 0.68641 
1374 0.683294 
1375 0.680155 
1376 0.676994 
1377 0.673812 
1378 0.670608 
1379 0.667385 
1380 0.664142 
1381 0.660881 
1382 0.657601 
1383 0.654304 
1384 0.65099 
1385 0.647661 
1386 0.644316 
1387 0.640957 
1388 0.637584 
1389 0.634199 
1390 0.6308 
1391 0.627391 
1392 0.62397 
1393 0.62054 
1394 0.6171 
1395 0.613652 
1396 0.610196 
1397 0.606733 
1398 0.603263 
1399 0.599788 
1400 0.596309 
1401 0.592825 
1402 0.589338 
1403 0.585848 
1404 0.582355 
1405 0.578859 
1406 0.575361 
1407 0.571861 
1408 0.568359 
1409 0.564856 
1410 0.561352 
1411 0.557848 
1412 0.554344 
1413 0.550839 
1414 0.547336 
1415 0.543833 
1416 0.540331 
1417 0.536831 
1418 0.533333 
1419 0.529837 
1420 0.526343 
1421 0.522853 
1422 0.519366 
1423 0.515883 
1424 0.512404 
1425 0.50893 
1426 0.50546 
1427 0.501996 
1428 0.498537 
1429 0.495084 
1430 0.491638 
1431 0.488199 
1432 0.484766 
1433 0.481341 
1434 0.477924 
1435 0.474516 
1436 0.471116 
1437 0.467725 
1438 0.464344 
1439 0.460972 
1440 0.457611 
1441 0.454261 
1442 0.450921 
1443 0.447593 
1444 0.444278 
1445 0.440974 
1446 0.437683 
1447 0.434406 
1448 0.431142 
1449 0.427892 
1450 0.424656 
1451 0.421435 
1452 0.418229 
1453 0.415038 
1454 0.411863 
1455 0.408702 
1456 0.405558 
1457 0.402429 
1458 0.399315 
1459 0.396218 
1460 0.393136 
1461 0.390071 
1462 0.387022 
1463 0.383989 
1464 0.380973 
1465 0.377973 
1466 0.374991 
1467 0.372025 
1468 0.369076 
1469 0.366145 
1470 0.363231 
1471 0.360334 
1472 0.357455 
1473 0.354594 
1474 0.351751 
1475 0.348925 
1476 0.346118 
1477 0.343329 
1478 0.340559 
1479 0.337807 
1480 0.335074 
1481 0.33236 
1482 0.329664 
1483 0.326988 
1484 0.324331 
1485 0.321694 
1486 0.319076 
1487 0.316478 
1488 0.3139 
1489 0.311341 
1490 0.308803 
1491 0.306285 
1492 0.303788 
1493 0.301311 
1494 0.298854 
1495 0.296419 
1496 0.294005 
1497 0.291611 
1498 0.289239 
1499 0.286889 
1500 0.28456 
1501 0.282252 
1502 0.279967 
1503 0.277703 
1504 0.27546 
1505 0.27324 
1506 0.271041 
1507 0.268864 
1508 0.266708 
1509 0.264574 
1510 0.262461 
1511 0.260371 
1512 0.258301 
1513 0.256254 
1514 0.254227 
1515 0.252223 
1516 0.250239 
1517 0.248278 
1518 0.246337 
1519 0.244419 
1520 0.242521 
1521 0.240645 
1522 0.238791 
1523 0.236957 
1524 0.235145 
1525 0.233355 
1526 0.231585 
1527 0.229837 
1528 0.22811 
1529 0.226405 
1530 0.22472 
1531 0.223057 
1532 0.221415 
1533 0.219794 
1534 0.218194 
1535 0.216615 
1536 0.215057 
1537 0.21352 
1538 0.212005 
1539 0.21051 
1540 0.209036 
1541 0.207582 
1542 0.20615 
1543 0.204739 
1544 0.203348 
1545 0.201978 
1546 0.200629 
1547 0.1993 
1548 0.197992 
1549 0.196705 
1550 0.195438 
1551 0.194192 
1552 0.192967 
1553 0.191761 
1554 0.190576 
1555 0.189411 
1556 0.188265 
1557 0.18714 
1558 0.186034 
1559 0.184947 
1560 0.18388 
1561 0.182833 
1562 0.181804 
1563 0.180795 
1564 0.179804 
1565 0.178832 
1566 0.177878 
1567 0.176943 
1568 0.176027 
1569 0.175128 
1570 0.174248 
1571 0.173385 
1572 0.17254 
1573 0.171713 
1574 0.170903 
1575 0.17011 
1576 0.169335 
1577 0.168576 
1578 0.167835 
1579 0.16711 
1580 0.166401 
1581 0.165709 
1582 0.165034 
1583 0.164374 
1584 0.16373 
1585 0.163102 
1586 0.16249 
1587 0.161893 
1588 0.161311 
1589 0.160745 
1590 0.160193 
1591 0.159656 
1592 0.159134 
1593 0.158627 
1594 0.158133 
1595 0.157654 
1596 0.157189 
1597 0.156737 
1598 0.1563 
1599 0.155875 
1600 0.155464 
1601 0.155066 
1602 0.154681 
1603 0.154309 
1604 0.15395 
1605 0.153603 
1606 0.153269 
1607 0.152947 
1608 0.152637 
1609 0.15234 
1610 0.152054 
1611 0.151781 
1612 0.151519 
1613 0.151269 
1614 0.15103 
1615 0.150803 
1616 0.150587 
1617 0.150382 
1618 0.150188 
1619 0.150005 
1620 0.149833 
1621 0.149671 
1622 0.14952 
1623 0.149379 
1624 0.149248 
1625 0.149127 
1626 0.149016 
1627 0.148915 
1628 0.148823 
1629 0.148741 
1630 0.148669 
1631 0.148605 
1632 0.148551 
1633 0.148505 
1634 0.148469 
1635 0.148441 
1636 0.148421 
1637 0.14841 
1638 0.148407 
1639 0.148412 
1640 0.148424 
1641 0.148445 
1642 0.148473 
1643 0.148509 
1644 0.148552 
1645 0.148602 
1646 0.148659 
1647 0.148723 
1648 0.148793 
1649 0.14887 
1650 0.148953 
1651 0.149043 
1652 0.149139 
1653 0.14924 
1654 0.149348 
1655 0.149462 
1656 0.149581 
1657 0.149707 
1658 0.149838 
1659 0.149975 
1660 0.150117 
1661 0.150265 
1662 0.150419 
1663 0.150578 
1664 0.150742 
1665 0.150912 
1666 0.151087 
1667 0.151267 
1668 0.151453 
1669 0.151643 
1670 0.151838 
1671 0.152038 
1672 0.152243 
1673 0.152453 
1674 0.152668 
1675 0.152887 
1676 0.153111 
1677 0.153339 
1678 0.153571 
1679 0.153808 
1680 0.15405 
1681 0.154295 
1682 0.154545 
1683 0.154799 
1684 0.155056 
1685 0.155318 
1686 0.155583 
1687 0.155853 
1688 0.156126 
1689 0.156402 
1690 0.156682 
1691 0.156966 
1692 0.157253 
1693 0.157543 
1694 0.157837 
1695 0.158134 
1696 0.158434 
1697 0.158737 
1698 0.159042 
1699 0.159351 
1700 0.159663 
1701 0.159977 
1702 0.160294 
1703 0.160613 
1704 0.160935 
1705 0.161259 
1706 0.161586 
1707 0.161916 
1708 0.162247 
1709 0.162581 
1710 0.162917 
1711 0.163255 
1712 0.163596 
1713 0.163938 
1714 0.164283 
1715 0.164629 
1716 0.164977 
1717 0.165327 
1718 0.165679 
1719 0.166033 
1720 0.166388 
1721 0.166745 
1722 0.167103 
1723 0.167463 
1724 0.167824 
1725 0.168186 
1726 0.16855 
1727 0.168915 
1728 0.169282 
1729 0.169649 
1730 0.170017 
1731 0.170387 
1732 0.170757 
1733 0.171129 
1734 0.171501 
1735 0.171874 
1736 0.172247 
1737 0.172621 
1738 0.172996 
1739 0.173371 
1740 0.173747 
1741 0.174123 
1742 0.174499 
1743 0.174876 
1744 0.175252 
1745 0.175629 
1746 0.176006 
1747 0.176383 
1748 0.17676 
1749 0.177137 
1750 0.177513 
1751 0.177889 
1752 0.178265 
1753 0.17864 
1754 0.179015 
1755 0.17939 
1756 0.179763 
1757 0.180136 
1758 0.180509 
1759 0.18088 
1760 0.18125 
1761 0.18162 
1762 0.181988 
1763 0.182356 
1764 0.182722 
1765 0.183086 
1766 0.18345 
1767 0.183812 
1768 0.184172 
1769 0.184531 
1770 0.184889 
1771 0.185244 
1772 0.185598 
1773 0.18595 
1774 0.1863 
1775 0.186647 
1776 0.186993 
1777 0.187337 
1778 0.187678 
1779 0.188017 
1780 0.188353 
1781 0.188687 
1782 0.189019 
1783 0.189348 
1784 0.189674 
1785 0.189997 
1786 0.190317 
1787 0.190634 
1788 0.190949 
1789 0.19126 
1790 0.191568 
1791 0.191872 
1792 0.192174 
1793 0.192471 
1794 0.192765 
1795 0.193056 
1796 0.193343 
1797 0.193626 
1798 0.193905 
1799 0.19418 
1800 0.194451 
1801 0.194718 
1802 0.194981 
1803 0.195239 
1804 0.195493 
1805 0.195743 
1806 0.195988 
1807 0.196228 
1808 0.196464 
1809 0.196695 
1810 0.19692 
1811 0.197141 
1812 0.197357 
1813 0.197568 
1814 0.197773 
1815 0.197973 
1816 0.198167 
1817 0.198356 
1818 0.19854 
1819 0.198717 
1820 0.198889 
1821 0.199055 
1822 0.199215 
1823 0.199369 
1824 0.199517 
1825 0.199658 
1826 0.199793 
1827 0.199922 
1828 0.200044 
1829 0.20016 
1830 0.200268 
1831 0.20037 
1832 0.200465 
1833 0.200553 
1834 0.200634 
1835 0.200708 
1836 0.200774 
1837 0.200834 
1838 0.200885 
1839 0.200929 
1840 0.200965 
1841 0.200994 
1842 0.201015 
1843 0.201027 
1844 0.201032 
1845 0.201028 
1846 0.201016 
1847 0.200996 
1848 0.200967 
1849 0.20093 
1850 0.200884 
1851 0.200829 
1852 0.200766 
1853 0.200694 
1854 0.200613 
1855 0.200523 
1856 0.200425 
1857 0.200317 
1858 0.200201 
1859 0.200077 
1860 0.199943 
1861 0.199801 
1862 0.19965 
1863 0.199491 
1864 0.199323 
1865 0.199146 
1866 0.19896 
1867 0.198766 
1868 0.198563 
1869 0.198351 
1870 0.198131 
1871 0.197902 
1872 0.197664 
1873 0.197418 
1874 0.197163 
1875 0.196899 
1876 0.196627 
1877 0.196346 
1878 0.196057 
1879 0.195759 
1880 0.195452 
1881 0.195137 
1882 0.194814 
1883 0.194481 
1884 0.194141 
1885 0.193791 
1886 0.193433 
1887 0.193067 
1888 0.192692 
1889 0.192309 
1890 0.191917 
1891 0.191516 
1892 0.191107 
1893 0.19069 
1894 0.190264 
1895 0.18983 
1896 0.189387 
1897 0.188936 
1898 0.188476 
1899 0.188008 
1900 0.187531 
1901 0.187047 
1902 0.186554 
1903 0.186052 
1904 0.185543 
1905 0.185027 
1906 0.184502 
1907 0.18397 
1908 0.183431 
1909 0.182885 
1910 0.182331 
1911 0.181771 
1912 0.181204 
1913 0.180631 
1914 0.180052 
1915 0.179466 
1916 0.178874 
1917 0.178276 
1918 0.177673 
1919 0.177064 
1920 0.17645 
1921 0.175831 
1922 0.175207 
1923 0.174578 
1924 0.173944 
1925 0.173306 
1926 0.172663 
1927 0.172016 
1928 0.171366 
1929 0.170711 
1930 0.170053 
1931 0.169392 
1932 0.168727 
1933 0.168059 
1934 0.167388 
1935 0.166715 
1936 0.166039 
1937 0.16536 
1938 0.164679 
1939 0.163997 
1940 0.163312 
1941 0.162626 
1942 0.161939 
1943 0.16125 
1944 0.16056 
1945 0.159869 
1946 0.159178 
1947 0.158485 
1948 0.157793 
1949 0.1571 
1950 0.156408 
1951 0.155716 
1952 0.155023 
1953 0.154331 
1954 0.15364 
1955 0.152948 
1956 0.152256 
1957 0.151565 
1958 0.150873 
1959 0.150181 
1960 0.14949 
1961 0.148798 
1962 0.148106 
1963 0.147413 
1964 0.146721 
1965 0.146028 
1966 0.145335 
1967 0.144642 
1968 0.143949 
1969 0.143254 
1970 0.14256 
1971 0.141865 
1972 0.14117 
1973 0.140474 
1974 0.139777 
1975 0.13908 
1976 0.138382 
1977 0.137684 
1978 0.136984 
1979 0.136284 
1980 0.135584 
1981 0.134882 
1982 0.13418 
1983 0.133476 
1984 0.132772 
1985 0.132066 
1986 0.13136 
1987 0.130652 
1988 0.129944 
1989 0.129234 
1990 0.128523 
1991 0.127811 
1992 0.127098 
1993 0.126383 
1994 0.125667 
1995 0.124949 
1996 0.12423 
1997 0.12351 
1998 0.122788 
1999 0.122065 
2000 0.12134 
