7.46269e-05 311.077 
0.000223905 892.415 
0.000373184 1454.95 
0.000522463 2005.39 
0.000671741 2546.21 
0.00082102 3078.64 
0.000970299 3603.36 
0.00111958 4120.7 
0.00126886 4630.89 
0.00141813 5134.14 
0.00156741 5630.61 
0.00171669 6120.43 
0.00186597 6603.69 
0.00201525 7080.47 
0.00216453 7550.85 
0.00231381 8014.92 
0.00246308 8472.73 
0.00261236 8924.36 
0.00276164 9369.85 
0.00291092 9809.28 
0.0030602 10242.7 
0.00320948 10670.2 
0.00335876 11091.7 
0.00350804 11507.4 
0.00365731 11917.3 
0.00380659 12321.5 
0.00395587 12720 
0.00410515 13112.8 
0.00425443 13500 
0.00440371 13881.7 
0.00455299 14257.9 
0.00470226 14628.6 
0.00485154 14993.9 
0.00500082 15353.8 
0.0051501 15708.3 
0.00529938 16057.6 
0.00544866 16401.7 
0.00559794 16740.5 
0.00574721 17074.2 
0.00589649 17402.7 
0.00604577 17726.1 
0.00619505 18044.5 
0.00634433 18357.9 
0.00649361 18666.2 
0.00664289 18969.7 
0.00679216 19268.2 
0.00694144 19561.8 
0.00709072 19850.7 
0.00724 20134.6 
0.00738928 20413.9 
0.00753856 20688.3 
0.00768784 20958.1 
0.00783711 21223.2 
0.00798639 21483.7 
0.00813567 21739.5 
0.00828495 21990.8 
0.00843423 22237.5 
0.00858351 22479.7 
0.00873279 22717.4 
0.00888207 22950.6 
0.00903134 23179.4 
0.00918062 23403.9 
0.0093299 23623.9 
0.00947918 23839.6 
0.00962846 24051.1 
0.00977774 24258.2 
0.00992702 24461.1 
0.0100763 24659.8 
0.0102256 24854.3 
0.0103749 25044.7 
0.0105241 25230.9 
0.0106734 25413.1 
0.0108227 25591.1 
0.010972 25765.2 
0.0111212 25935.2 
0.0112705 26101.3 
0.0114198 26263.4 
0.0115691 26421.7 
0.0117184 26576 
0.0118676 26726.5 
0.0120169 26873.1 
0.0121662 27016 
0.0123155 27155.1 
0.0124648 27290.5 
0.012614 27422.2 
0.0127633 27550.3 
0.0129126 27674.7 
0.0130619 27795.5 
0.0132111 27912.7 
0.0133604 28026.4 
0.0135097 28136.6 
0.013659 28243.3 
0.0138083 28346.6 
0.0139575 28446.4 
0.0141068 28542.9 
0.0142561 28636 
0.0144054 28725.9 
0.0145547 28812.4 
0.0147039 28895.7 
0.0148532 28975.8 
0.0150025 29052.7 
0.0151518 29126.5 
0.015301 29197.2 
0.0154503 29264.8 
0.0155996 29329.3 
0.0157489 29390.8 
0.0158982 29449.4 
0.0160474 29505 
0.0161967 29557.7 
0.016346 29607.5 
0.0164953 29654.5 
0.0166446 29698.7 
0.0167938 29740.1 
0.0169431 29778.7 
0.0170924 29814.7 
0.0172417 29848 
0.0173909 29878.7 
0.0175402 29906.8 
0.0176895 29932.3 
0.0178388 29955.3 
0.0179881 29975.8 
0.0181373 29993.8 
0.0182866 30009.4 
0.0184359 30022.7 
0.0185852 30033.6 
0.0187345 30042.1 
0.0188837 30048.4 
0.019033 30052.4 
0.0191823 30054.3 
0.0193316 30053.9 
0.0194808 30051.4 
0.0196301 30046.8 
0.0197794 30040.1 
0.0199287 30031.4 
0.020078 30020.7 
0.0202272 30008 
0.0203765 29993.4 
0.0205258 29976.9 
0.0206751 29958.5 
0.0208244 29938.3 
0.0209736 29916.3 
0.0211229 29892.6 
0.0212722 29867.1 
0.0214215 29839.9 
0.0215707 29811.1 
0.02172 29780.6 
0.0218693 29748.5 
0.0220186 29714.9 
0.0221679 29679.8 
0.0223171 29643.1 
0.0224664 29605.1 
0.0226157 29565.5 
0.022765 29524.6 
0.0229143 29482.3 
0.0230635 29438.7 
0.0232128 29393.8 
0.0233621 29347.7 
0.0235114 29300.3 
0.0236606 29251.6 
0.0238099 29201.9 
0.0239592 29150.9 
0.0241085 29098.9 
0.0242578 29045.8 
0.024407 28991.6 
0.0245563 28936.5 
0.0247056 28880.3 
0.0248549 28823.2 
0.0250042 28765.1 
0.0251534 28706.1 
0.0253027 28646.3 
0.025452 28585.6 
0.0256013 28524.1 
0.0257505 28461.8 
0.0258998 28398.8 
0.0260491 28335 
0.0261984 28270.5 
0.0263477 28205.3 
0.0264969 28139.5 
0.0266462 28073 
0.0267955 28006 
0.0269448 27938.4 
0.0270941 27870.2 
0.0272433 27801.5 
0.0273926 27732.3 
0.0275419 27662.6 
0.0276912 27592.5 
0.0278404 27521.9 
0.0279897 27450.9 
0.028139 27379.6 
0.0282883 27307.9 
0.0284376 27235.8 
0.0285868 27163.5 
0.0287361 27090.8 
0.0288854 27017.9 
0.0290347 26944.7 
0.029184 26871.3 
0.0293332 26797.6 
0.0294825 26723.8 
0.0296318 26649.9 
0.0297811 26575.8 
0.0299303 26501.5 
0.0300796 26427.2 
0.0302289 26352.7 
0.0303782 26278.2 
0.0305275 26203.6 
0.0306767 26129 
0.030826 26054.3 
0.0309753 25979.7 
0.0311246 25905 
0.0312739 25830.4 
0.0314231 25755.9 
0.0315724 25681.4 
0.0317217 25606.9 
0.031871 25532.6 
0.0320203 25458.3 
0.0321695 25384.2 
0.0323188 25310.3 
0.0324681 25236.4 
0.0326174 25162.8 
0.0327666 25089.3 
0.0329159 25016 
0.0330652 24942.9 
0.0332145 24870 
0.0333638 24797.3 
0.033513 24724.9 
0.0336623 24652.7 
0.0338116 24580.8 
0.0339609 24509.1 
0.0341102 24437.7 
0.0342594 24366.6 
0.0344087 24295.8 
0.034558 24225.3 
0.0347073 24155.1 
0.0348565 24085.3 
0.0350058 24015.7 
0.0351551 23946.6 
0.0353044 23877.7 
0.0354537 23809.3 
0.0356029 23741.2 
0.0357522 23673.5 
0.0359015 23606.2 
0.0360508 23539.2 
0.0362001 23472.7 
0.0363493 23406.5 
0.0364986 23340.8 
0.0366479 23275.4 
0.0367972 23210.5 
0.0369464 23146 
0.0370957 23081.9 
0.037245 23018.2 
0.0373943 22955 
0.0375436 22892.2 
0.0376928 22829.9 
0.0378421 22768 
0.0379914 22706.6 
0.0381407 22645.6 
0.03829 22585.1 
0.0384392 22525 
0.0385885 22465.5 
0.0387378 22406.4 
0.0388871 22347.7 
0.0390363 22289.5 
0.0391856 22231.8 
0.0393349 22174.6 
0.0394842 22117.9 
0.0396335 22061.6 
0.0397827 22005.8 
0.039932 21950.4 
0.0400813 21895.6 
0.0402306 21841.2 
0.0403799 21787.3 
0.0405291 21733.9 
0.0406784 21680.9 
0.0408277 21628.5 
0.040977 21576.5 
0.0411262 21525 
0.0412755 21473.9 
0.0414248 21423.4 
0.0415741 21373.3 
0.0417234 21323.7 
0.0418726 21274.5 
0.0420219 21225.9 
0.0421712 21177.7 
0.0423205 21130 
0.0424698 21082.7 
0.042619 21035.9 
0.0427683 20989.6 
0.0429176 20943.7 
0.0430669 20898.3 
0.0432161 20853.4 
0.0433654 20808.8 
0.0435147 20764.8 
0.043664 20721.1 
0.0438133 20678 
0.0439625 20635.2 
0.0441118 20592.9 
0.0442611 20551 
0.0444104 20509.5 
0.0445597 20468.5 
0.0447089 20427.8 
0.0448582 20387.6 
0.0450075 20347.8 
0.0451568 20308.4 
0.045306 20269.4 
0.0454553 20230.8 
0.0456046 20192.6 
0.0457539 20154.8 
0.0459032 20117.4 
0.0460524 20080.3 
0.0462017 20043.6 
0.046351 20007.3 
0.0465003 19971.4 
0.0466496 19935.8 
0.0467988 19900.6 
0.0469481 19865.7 
0.0470974 19831.2 
0.0472467 19797 
0.0473959 19763.2 
0.0475452 19729.6 
0.0476945 19696.4 
0.0478438 19663.6 
0.0479931 19631 
0.0481423 19598.7 
0.0482916 19566.8 
0.0484409 19535.1 
0.0485902 19503.7 
0.0487395 19472.6 
0.0488887 19441.8 
0.049038 19411.3 
0.0491873 19381 
0.0493366 19351 
0.0494858 19321.2 
0.0496351 19291.7 
0.0497844 19262.4 
0.0499337 19233.4 
0.050083 19204.5 
0.0502322 19176 
0.0503815 19147.6 
0.0505308 19119.4 
0.0506801 19091.5 
0.0508294 19063.7 
0.0509786 19036.2 
0.0511279 19008.8 
0.0512772 18981.6 
0.0514265 18954.7 
0.0515757 18927.8 
0.051725 18901.2 
0.0518743 18874.7 
0.0520236 18848.3 
0.0521729 18822.1 
0.0523221 18796.1 
0.0524714 18770.2 
0.0526207 18744.4 
0.05277 18718.7 
0.0529193 18693.2 
0.0530685 18667.7 
0.0532178 18642.4 
0.0533671 18617.2 
0.0535164 18592 
0.0536656 18567 
0.0538149 18542 
0.0539642 18517.1 
0.0541135 18492.3 
0.0542628 18467.5 
0.054412 18442.8 
0.0545613 18418.1 
0.0547106 18393.5 
0.0548599 18368.9 
0.0550092 18344.3 
0.0551584 18319.8 
0.0553077 18295.3 
0.055457 18270.8 
0.0556063 18246.3 
0.0557556 18221.9 
0.0559048 18197.4 
0.0560541 18173 
0.0562034 18148.5 
0.0563527 18124.1 
0.0565019 18099.6 
0.0566512 18075.1 
0.0568005 18050.6 
0.0569498 18026.1 
0.0570991 18001.5 
0.0572483 17976.9 
0.0573976 17952.3 
0.0575469 17927.6 
0.0576962 17902.9 
0.0578455 17878.1 
0.0579947 17853.2 
0.058144 17828.3 
0.0582933 17803.3 
0.0584426 17778.3 
0.0585918 17753.2 
0.0587411 17727.9 
0.0588904 17702.6 
0.0590397 17677.2 
0.059189 17651.7 
0.0593382 17626.1 
0.0594875 17600.4 
0.0596368 17574.5 
0.0597861 17548.6 
0.0599354 17522.5 
0.0600846 17496.4 
0.0602339 17470.1 
0.0603832 17443.7 
0.0605325 17417.1 
0.0606817 17390.5 
0.060831 17363.7 
0.0609803 17336.7 
0.0611296 17309.7 
0.0612789 17282.5 
0.0614281 17255.2 
0.0615774 17227.8 
0.0617267 17200.2 
0.061876 17172.4 
0.0620253 17144.6 
0.0621745 17116.6 
0.0623238 17088.4 
0.0624731 17060.1 
0.0626224 17031.7 
0.0627716 17003.1 
0.0629209 16974.3 
0.0630702 16945.4 
0.0632195 16916.4 
0.0633688 16887.1 
0.063518 16857.7 
0.0636673 16828.2 
0.0638166 16798.5 
0.0639659 16768.6 
0.0641152 16738.6 
0.0642644 16708.4 
0.0644137 16678 
0.064563 16647.4 
0.0647123 16616.7 
0.0648615 16585.8 
0.0650108 16554.7 
0.0651601 16523.4 
0.0653094 16492 
0.0654587 16460.4 
0.0656079 16428.6 
0.0657572 16396.6 
0.0659065 16364.5 
0.0660558 16332.2 
0.0662051 16299.8 
0.0663543 16267.1 
0.0665036 16234.3 
0.0666529 16201.4 
0.0668022 16168.3 
0.0669514 16135 
0.0671007 16101.6 
0.06725 16068 
0.0673993 16034.3 
0.0675486 16000.4 
0.0676978 15966.3 
0.0678471 15932.1 
0.0679964 15897.8 
0.0681457 15863.3 
0.068295 15828.7 
0.0684442 15793.9 
0.0685935 15759 
0.0687428 15723.9 
0.0688921 15688.7 
0.0690413 15653.4 
0.0691906 15617.9 
0.0693399 15582.3 
0.0694892 15546.6 
0.0696385 15510.7 
0.0697877 15474.7 
0.069937 15438.5 
0.0700863 15402.3 
0.0702356 15365.9 
0.0703849 15329.4 
0.0705341 15292.7 
0.0706834 15256 
0.0708327 15219.1 
0.070982 15182.1 
0.0711312 15145 
0.0712805 15107.7 
0.0714298 15070.4 
0.0715791 15033 
0.0717284 14995.5 
0.0718776 14957.8 
0.0720269 14920.1 
0.0721762 14882.3 
0.0723255 14844.4 
0.0724748 14806.4 
0.072624 14768.4 
0.0727733 14730.2 
0.0729226 14692 
0.0730719 14653.8 
0.0732211 14615.5 
0.0733704 14577.1 
0.0735197 14538.6 
0.073669 14500.1 
0.0738183 14461.6 
0.0739675 14423 
0.0741168 14384.3 
0.0742661 14345.7 
0.0744154 14307 
0.0745647 14268.2 
0.0747139 14229.5 
0.0748632 14190.7 
0.0750125 14151.9 
0.0751618 14113 
0.075311 14074.2 
0.0754603 14035.3 
0.0756096 13996.5 
0.0757589 13957.6 
0.0759082 13918.7 
0.0760574 13879.9 
0.0762067 13841 
0.076356 13802.1 
0.0765053 13763.3 
0.0766546 13724.5 
0.0768038 13685.7 
0.0769531 13646.9 
0.0771024 13608.2 
0.0772517 13569.4 
0.0774009 13530.8 
0.0775502 13492.1 
0.0776995 13453.5 
0.0778488 13414.9 
0.0779981 13376.4 
0.0781473 13337.9 
0.0782966 13299.5 
0.0784459 13261.2 
0.0785952 13222.9 
0.0787445 13184.6 
0.0788937 13146.5 
0.079043 13108.4 
0.0791923 13070.3 
0.0793416 13032.4 
0.0794909 12994.5 
0.0796401 12956.7 
0.0797894 12919 
0.0799387 12881.4 
0.080088 12843.9 
0.0802372 12806.4 
0.0803865 12769.1 
0.0805358 12731.9 
0.0806851 12694.7 
0.0808344 12657.7 
0.0809836 12620.8 
0.0811329 12584 
0.0812822 12547.3 
0.0814315 12510.7 
0.0815808 12474.3 
0.08173 12438 
0.0818793 12401.8 
0.0820286 12365.7 
0.0821779 12329.8 
0.0823271 12294 
0.0824764 12258.4 
0.0826257 12222.9 
0.082775 12187.5 
0.0829243 12152.3 
0.0830735 12117.2 
0.0832228 12082.3 
0.0833721 12047.6 
0.0835214 12013 
0.0836707 11978.6 
0.0838199 11944.3 
0.0839692 11910.2 
0.0841185 11876.3 
0.0842678 11842.6 
0.084417 11809 
0.0845663 11775.6 
0.0847156 11742.4 
0.0848649 11709.4 
0.0850142 11676.5 
0.0851634 11643.9 
0.0853127 11611.4 
0.085462 11579.1 
0.0856113 11547 
0.0857606 11515.1 
0.0859098 11483.4 
0.0860591 11451.8 
0.0862084 11420.5 
0.0863577 11389.3 
0.0865069 11358.3 
0.0866562 11327.5 
0.0868055 11296.9 
0.0869548 11266.5 
0.0871041 11236.3 
0.0872533 11206.3 
0.0874026 11176.5 
0.0875519 11146.9 
0.0877012 11117.5 
0.0878505 11088.2 
0.0879997 11059.2 
0.088149 11030.4 
0.0882983 11001.8 
0.0884476 10973.3 
0.0885968 10945.1 
0.0887461 10917.1 
0.0888954 10889.3 
0.0890447 10861.7 
0.089194 10834.3 
0.0893432 10807.1 
0.0894925 10780.1 
0.0896418 10753.3 
0.0897911 10726.7 
0.0899404 10700.4 
0.0900896 10674.2 
0.0902389 10648.3 
0.0903882 10622.6 
0.0905375 10597 
0.0906867 10571.7 
0.090836 10546.6 
0.0909853 10521.8 
0.0911346 10497.1 
0.0912839 10472.7 
0.0914331 10448.5 
0.0915824 10424.4 
0.0917317 10400.7 
0.091881 10377.1 
0.0920303 10353.7 
0.0921795 10330.6 
0.0923288 10307.7 
0.0924781 10285 
0.0926274 10262.6 
0.0927766 10240.3 
0.0929259 10218.3 
0.0930752 10196.4 
0.0932245 10174.8 
0.0933738 10153.4 
0.093523 10132.2 
0.0936723 10111.2 
0.0938216 10090.4 
0.0939709 10069.8 
0.0941202 10049.5 
0.0942694 10029.3 
0.0944187 10009.3 
0.094568 9989.5 
0.0947173 9969.91 
0.0948665 9950.51 
0.0950158 9931.3 
0.0951651 9912.29 
0.0953144 9893.46 
0.0954637 9874.82 
0.0956129 9856.37 
0.0957622 9838.1 
0.0959115 9820.02 
0.0960608 9802.12 
0.0962101 9784.39 
0.0963593 9766.85 
0.0965086 9749.48 
0.0966579 9732.29 
0.0968072 9715.28 
0.0969564 9698.44 
0.0971057 9681.76 
0.097255 9665.26 
0.0974043 9648.93 
0.0975536 9632.76 
0.0977028 9616.76 
0.0978521 9600.92 
0.0980014 9585.25 
0.0981507 9569.73 
0.0983 9554.38 
0.0984492 9539.18 
0.0985985 9524.14 
0.0987478 9509.25 
0.0988971 9494.52 
0.0990463 9479.94 
0.0991956 9465.51 
0.0993449 9451.23 
0.0994942 9437.09 
0.0996435 9423.11 
0.0997927 9409.26 
0.099942 9395.56 
0.100091 9382.01 
0.100241 9368.59 
0.10039 9355.31 
0.100539 9342.17 
0.100688 9329.16 
0.100838 9316.29 
0.100987 9303.55 
0.101136 9290.93 
0.101286 9278.45 
0.101435 9266.08 
0.101584 9253.84 
0.101733 9241.72 
0.101883 9229.72 
0.102032 9217.83 
0.102181 9206.06 
0.10233 9194.39 
0.10248 9182.83 
0.102629 9171.38 
0.102778 9160.03 
0.102928 9148.79 
0.103077 9137.64 
0.103226 9126.59 
0.103375 9115.63 
0.103525 9104.77 
0.103674 9093.99 
0.103823 9083.31 
0.103973 9072.71 
0.104122 9062.19 
0.104271 9051.75 
0.10442 9041.39 
0.10457 9031.1 
0.104719 9020.89 
0.104868 9010.75 
0.105017 9000.68 
0.105167 8990.68 
0.105316 8980.74 
0.105465 8970.86 
0.105615 8961.04 
0.105764 8951.28 
0.105913 8941.57 
0.106062 8931.92 
0.106212 8922.32 
0.106361 8912.76 
0.10651 8903.26 
0.10666 8893.79 
0.106809 8884.37 
0.106958 8874.98 
0.107107 8865.63 
0.107257 8856.31 
0.107406 8847.03 
0.107555 8837.78 
0.107705 8828.55 
0.107854 8819.35 
0.108003 8810.17 
0.108152 8801 
0.108302 8791.86 
0.108451 8782.73 
0.1086 8773.62 
0.108749 8764.51 
0.108899 8755.42 
0.109048 8746.33 
0.109197 8737.24 
0.109347 8728.15 
0.109496 8719.06 
0.109645 8709.97 
0.109794 8700.88 
0.109944 8691.77 
0.110093 8682.65 
0.110242 8673.53 
0.110392 8664.39 
0.110541 8655.24 
0.11069 8646.08 
0.110839 8636.9 
0.110989 8627.71 
0.111138 8618.5 
0.111287 8609.27 
0.111436 8600.03 
0.111586 8590.76 
0.111735 8581.48 
0.111884 8572.17 
0.112034 8562.83 
0.112183 8553.48 
0.112332 8544.1 
0.112481 8534.69 
0.112631 8525.25 
0.11278 8515.79 
0.112929 8506.3 
0.113079 8496.77 
0.113228 8487.22 
0.113377 8477.63 
0.113526 8468.01 
0.113676 8458.35 
0.113825 8448.66 
0.113974 8438.93 
0.114123 8429.16 
0.114273 8419.35 
0.114422 8409.51 
0.114571 8399.62 
0.114721 8389.69 
0.11487 8379.71 
0.115019 8369.69 
0.115168 8359.63 
0.115318 8349.52 
0.115467 8339.36 
0.115616 8329.15 
0.115766 8318.89 
0.115915 8308.58 
0.116064 8298.22 
0.116213 8287.81 
0.116363 8277.34 
0.116512 8266.81 
0.116661 8256.23 
0.116811 8245.6 
0.11696 8234.9 
0.117109 8224.14 
0.117258 8213.33 
0.117408 8202.45 
0.117557 8191.51 
0.117706 8180.5 
0.117855 8169.43 
0.118005 8158.3 
0.118154 8147.1 
0.118303 8135.83 
0.118453 8124.49 
0.118602 8113.08 
0.118751 8101.6 
0.1189 8090.04 
0.11905 8078.42 
0.119199 8066.72 
0.119348 8054.94 
0.119498 8043.09 
0.119647 8031.16 
0.119796 8019.15 
0.119945 8007.06 
0.120095 7994.89 
0.120244 7982.65 
0.120393 7970.33 
0.120542 7957.93 
0.120692 7945.45 
0.120841 7932.91 
0.12099 7920.28 
0.12114 7907.59 
0.121289 7894.83 
0.121438 7881.99 
0.121587 7869.09 
0.121737 7856.12 
0.121886 7843.08 
0.122035 7829.97 
0.122185 7816.8 
0.122334 7803.57 
0.122483 7790.27 
0.122632 7776.91 
0.122782 7763.49 
0.122931 7750.01 
0.12308 7736.47 
0.123229 7722.87 
0.123379 7709.21 
0.123528 7695.5 
0.123677 7681.73 
0.123827 7667.91 
0.123976 7654.04 
0.124125 7640.11 
0.124274 7626.13 
0.124424 7612.1 
0.124573 7598.03 
0.124722 7583.9 
0.124872 7569.73 
0.125021 7555.51 
0.12517 7541.25 
0.125319 7526.94 
0.125469 7512.59 
0.125618 7498.19 
0.125767 7483.76 
0.125916 7469.29 
0.126066 7454.77 
0.126215 7440.22 
0.126364 7425.63 
0.126514 7411.01 
0.126663 7396.35 
0.126812 7381.65 
0.126961 7366.92 
0.127111 7352.16 
0.12726 7337.37 
0.127409 7322.55 
0.127559 7307.7 
0.127708 7292.82 
0.127857 7277.91 
0.128006 7262.98 
0.128156 7248.02 
0.128305 7233.04 
0.128454 7218.04 
0.128604 7203.01 
0.128753 7187.96 
0.128902 7172.89 
0.129051 7157.8 
0.129201 7142.69 
0.12935 7127.57 
0.129499 7112.42 
0.129648 7097.27 
0.129798 7082.09 
0.129947 7066.91 
0.130096 7051.71 
0.130246 7036.5 
0.130395 7021.28 
0.130544 7006.05 
0.130693 6990.81 
0.130843 6975.56 
0.130992 6960.31 
0.131141 6945.05 
0.131291 6929.78 
0.13144 6914.51 
0.131589 6899.24 
0.131738 6883.97 
0.131888 6868.7 
0.132037 6853.43 
0.132186 6838.17 
0.132335 6822.9 
0.132485 6807.65 
0.132634 6792.4 
0.132783 6777.16 
0.132933 6761.93 
0.133082 6746.7 
0.133231 6731.49 
0.13338 6716.3 
0.13353 6701.11 
0.133679 6685.94 
0.133828 6670.79 
0.133978 6655.66 
0.134127 6640.54 
0.134276 6625.45 
0.134425 6610.37 
0.134575 6595.32 
0.134724 6580.29 
0.134873 6565.29 
0.135022 6550.31 
0.135172 6535.36 
0.135321 6520.44 
0.13547 6505.54 
0.13562 6490.68 
0.135769 6475.85 
0.135918 6461.05 
0.136067 6446.29 
0.136217 6431.56 
0.136366 6416.87 
0.136515 6402.22 
0.136665 6387.6 
0.136814 6373.03 
0.136963 6358.49 
0.137112 6344 
0.137262 6329.55 
0.137411 6315.14 
0.13756 6300.78 
0.13771 6286.47 
0.137859 6272.21 
0.138008 6257.99 
0.138157 6243.82 
0.138307 6229.71 
0.138456 6215.65 
0.138605 6201.64 
0.138754 6187.68 
0.138904 6173.78 
0.139053 6159.94 
0.139202 6146.15 
0.139352 6132.42 
0.139501 6118.76 
0.13965 6105.15 
0.139799 6091.61 
0.139949 6078.13 
0.140098 6064.71 
0.140247 6051.36 
0.140397 6038.07 
0.140546 6024.85 
0.140695 6011.7 
0.140844 5998.62 
0.140994 5985.61 
0.141143 5972.67 
0.141292 5959.81 
0.141441 5947.02 
0.141591 5934.3 
0.14174 5921.66 
0.141889 5909.09 
0.142039 5896.6 
0.142188 5884.2 
0.142337 5871.87 
0.142486 5859.62 
0.142636 5847.46 
0.142785 5835.37 
0.142934 5823.37 
0.143084 5811.46 
0.143233 5799.63 
0.143382 5787.88 
0.143531 5776.22 
0.143681 5764.64 
0.14383 5753.14 
0.143979 5741.73 
0.144128 5730.4 
0.144278 5719.14 
0.144427 5707.97 
0.144576 5696.88 
0.144726 5685.88 
0.144875 5674.95 
0.145024 5664.1 
0.145173 5653.33 
0.145323 5642.64 
0.145472 5632.03 
0.145621 5621.49 
0.145771 5611.04 
0.14592 5600.66 
0.146069 5590.36 
0.146218 5580.14 
0.146368 5569.99 
0.146517 5559.92 
0.146666 5549.93 
0.146816 5540.01 
0.146965 5530.16 
0.147114 5520.4 
0.147263 5510.7 
0.147413 5501.08 
0.147562 5491.54 
0.147711 5482.07 
0.14786 5472.67 
0.14801 5463.35 
0.148159 5454.09 
0.148308 5444.91 
0.148458 5435.81 
0.148607 5426.77 
0.148756 5417.81 
0.148905 5408.91 
0.149055 5400.09 
0.149204 5391.34 
0.149353 5382.66 
0.149503 5374.05 
0.149652 5365.5 
0.149801 5357.03 
0.14995 5348.63 
0.1501 5340.29 
0.150249 5332.02 
0.150398 5323.82 
0.150547 5315.69 
0.150697 5307.63 
0.150846 5299.63 
0.150995 5291.7 
0.151145 5283.83 
0.151294 5276.04 
0.151443 5268.3 
0.151592 5260.64 
0.151742 5253.03 
0.151891 5245.5 
0.15204 5238.02 
0.15219 5230.62 
0.152339 5223.27 
0.152488 5215.99 
0.152637 5208.77 
0.152787 5201.62 
0.152936 5194.53 
0.153085 5187.5 
0.153234 5180.53 
0.153384 5173.63 
0.153533 5166.78 
0.153682 5160 
0.153832 5153.28 
0.153981 5146.62 
0.15413 5140.02 
0.154279 5133.48 
0.154429 5127 
0.154578 5120.58 
0.154727 5114.22 
0.154877 5107.91 
0.155026 5101.67 
0.155175 5095.49 
0.155324 5089.36 
0.155474 5083.29 
0.155623 5077.28 
0.155772 5071.32 
0.155922 5065.42 
0.156071 5059.58 
0.15622 5053.8 
0.156369 5048.07 
0.156519 5042.39 
0.156668 5036.77 
0.156817 5031.2 
0.156966 5025.68 
0.157116 5020.21 
0.157265 5014.79 
0.157414 5009.43 
0.157564 5004.11 
0.157713 4998.83 
0.157862 4993.6 
0.158011 4988.42 
0.158161 4983.28 
0.15831 4978.19 
0.158459 4973.14 
0.158609 4968.13 
0.158758 4963.16 
0.158907 4958.23 
0.159056 4953.34 
0.159206 4948.49 
0.159355 4943.68 
0.159504 4938.9 
0.159653 4934.16 
0.159803 4929.45 
0.159952 4924.78 
0.160101 4920.14 
0.160251 4915.54 
0.1604 4910.96 
0.160549 4906.41 
0.160698 4901.9 
0.160848 4897.41 
0.160997 4892.95 
0.161146 4888.52 
0.161296 4884.11 
0.161445 4879.73 
0.161594 4875.37 
0.161743 4871.04 
0.161893 4866.73 
0.162042 4862.44 
0.162191 4858.17 
0.16234 4853.92 
0.16249 4849.69 
0.162639 4845.47 
0.162788 4841.28 
0.162938 4837.1 
0.163087 4832.94 
0.163236 4828.79 
0.163385 4824.65 
0.163535 4820.53 
0.163684 4816.42 
0.163833 4812.32 
0.163983 4808.23 
0.164132 4804.15 
0.164281 4800.08 
0.16443 4796.02 
0.16458 4791.96 
0.164729 4787.91 
0.164878 4783.86 
0.165027 4779.82 
0.165177 4775.78 
0.165326 4771.75 
0.165475 4767.71 
0.165625 4763.68 
0.165774 4759.64 
0.165923 4755.6 
0.166072 4751.57 
0.166222 4747.52 
0.166371 4743.48 
0.16652 4739.43 
0.16667 4735.37 
0.166819 4731.31 
0.166968 4727.24 
0.167117 4723.16 
0.167267 4719.07 
0.167416 4714.98 
0.167565 4710.87 
0.167715 4706.75 
0.167864 4702.61 
0.168013 4698.47 
0.168162 4694.31 
0.168312 4690.13 
0.168461 4685.94 
0.16861 4681.73 
0.168759 4677.5 
0.168909 4673.25 
0.169058 4668.99 
0.169207 4664.7 
0.169357 4660.39 
0.169506 4656.06 
0.169655 4651.71 
0.169804 4647.33 
0.169954 4642.92 
0.170103 4638.49 
0.170252 4634.04 
0.170402 4629.55 
0.170551 4625.04 
0.1707 4620.5 
0.170849 4615.94 
0.170999 4611.34 
0.171148 4606.72 
0.171297 4602.07 
0.171446 4597.4 
0.171596 4592.69 
0.171745 4587.96 
0.171894 4583.21 
0.172044 4578.42 
0.172193 4573.62 
0.172342 4568.78 
0.172491 4563.92 
0.172641 4559.03 
0.17279 4554.12 
0.172939 4549.18 
0.173089 4544.22 
0.173238 4539.23 
0.173387 4534.22 
0.173536 4529.18 
0.173686 4524.12 
0.173835 4519.03 
0.173984 4513.92 
0.174133 4508.78 
0.174283 4503.62 
0.174432 4498.44 
0.174581 4493.23 
0.174731 4488 
0.17488 4482.75 
0.175029 4477.47 
0.175178 4472.17 
0.175328 4466.84 
0.175477 4461.5 
0.175626 4456.13 
0.175776 4450.73 
0.175925 4445.32 
0.176074 4439.88 
0.176223 4434.42 
0.176373 4428.94 
0.176522 4423.44 
0.176671 4417.92 
0.176821 4412.37 
0.17697 4406.81 
0.177119 4401.22 
0.177268 4395.61 
0.177418 4389.98 
0.177567 4384.33 
0.177716 4378.66 
0.177865 4372.97 
0.178015 4367.26 
0.178164 4361.53 
0.178313 4355.78 
0.178463 4350.01 
0.178612 4344.22 
0.178761 4338.41 
0.17891 4332.59 
0.17906 4326.74 
0.179209 4320.87 
0.179358 4314.99 
0.179508 4309.09 
0.179657 4303.17 
0.179806 4297.23 
0.179955 4291.27 
0.180105 4285.3 
0.180254 4279.3 
0.180403 4273.29 
0.180552 4267.27 
0.180702 4261.22 
0.180851 4255.16 
0.181 4249.08 
0.18115 4242.99 
0.181299 4236.88 
0.181448 4230.75 
0.181597 4224.6 
0.181747 4218.44 
0.181896 4212.27 
0.182045 4206.08 
0.182195 4199.87 
0.182344 4193.65 
0.182493 4187.41 
0.182642 4181.16 
0.182792 4174.89 
0.182941 4168.61 
0.18309 4162.31 
0.183239 4156 
0.183389 4149.67 
0.183538 4143.33 
0.183687 4136.98 
0.183837 4130.61 
0.183986 4124.23 
0.184135 4117.83 
0.184284 4111.42 
0.184434 4105 
0.184583 4098.57 
0.184732 4092.12 
0.184882 4085.66 
0.185031 4079.19 
0.18518 4072.7 
0.185329 4066.21 
0.185479 4059.7 
0.185628 4053.18 
0.185777 4046.65 
0.185927 4040.1 
0.186076 4033.55 
0.186225 4026.98 
0.186374 4020.41 
0.186524 4013.82 
0.186673 4007.22 
0.186822 4000.62 
0.186971 3994 
0.187121 3987.38 
0.18727 3980.75 
0.187419 3974.12 
0.187569 3967.48 
0.187718 3960.83 
0.187867 3954.17 
0.188016 3947.51 
0.188166 3940.85 
0.188315 3934.18 
0.188464 3927.51 
0.188614 3920.83 
0.188763 3914.15 
0.188912 3907.47 
0.189061 3900.79 
0.189211 3894.11 
0.18936 3887.42 
0.189509 3880.74 
0.189658 3874.05 
0.189808 3867.37 
0.189957 3860.68 
0.190106 3854 
0.190256 3847.32 
0.190405 3840.65 
0.190554 3833.97 
0.190703 3827.3 
0.190853 3820.63 
0.191002 3813.97 
0.191151 3807.31 
0.191301 3800.65 
0.19145 3794.01 
0.191599 3787.36 
0.191748 3780.73 
0.191898 3774.1 
0.192047 3767.48 
0.192196 3760.87 
0.192345 3754.26 
0.192495 3747.66 
0.192644 3741.08 
0.192793 3734.5 
0.192943 3727.93 
0.193092 3721.38 
0.193241 3714.83 
0.19339 3708.3 
0.19354 3701.77 
0.193689 3695.26 
0.193838 3688.77 
0.193988 3682.28 
0.194137 3675.81 
0.194286 3669.36 
0.194435 3662.91 
0.194585 3656.49 
0.194734 3650.08 
0.194883 3643.68 
0.195032 3637.3 
0.195182 3630.94 
0.195331 3624.59 
0.19548 3618.27 
0.19563 3611.96 
0.195779 3605.67 
0.195928 3599.39 
0.196077 3593.14 
0.196227 3586.91 
0.196376 3580.69 
0.196525 3574.5 
0.196675 3568.33 
0.196824 3562.18 
0.196973 3556.05 
0.197122 3549.95 
0.197272 3543.86 
0.197421 3537.8 
0.19757 3531.77 
0.19772 3525.75 
0.197869 3519.77 
0.198018 3513.8 
0.198167 3507.86 
0.198317 3501.95 
0.198466 3496.06 
0.198615 3490.2 
0.198764 3484.37 
0.198914 3478.56 
0.199063 3472.79 
0.199212 3467.04 
0.199362 3461.31 
0.199511 3455.62 
0.19966 3449.96 
0.199809 3444.32 
0.199959 3438.72 
0.200108 3433.15 
0.200257 3427.6 
0.200407 3422.09 
0.200556 3416.61 
0.200705 3411.17 
0.200854 3405.75 
0.201004 3400.37 
0.201153 3395.02 
0.201302 3389.71 
0.201451 3384.43 
0.201601 3379.18 
0.20175 3373.97 
0.201899 3368.79 
0.202049 3363.65 
0.202198 3358.55 
0.202347 3353.48 
0.202496 3348.45 
0.202646 3343.46 
0.202795 3338.51 
0.202944 3333.59 
0.203094 3328.71 
0.203243 3323.87 
0.203392 3319.07 
0.203541 3314.31 
0.203691 3309.58 
0.20384 3304.89 
0.203989 3300.24 
0.204138 3295.62 
0.204288 3291.05 
0.204437 3286.5 
0.204586 3282 
0.204736 3277.52 
0.204885 3273.09 
0.205034 3268.68 
0.205183 3264.32 
0.205333 3259.98 
0.205482 3255.68 
0.205631 3251.41 
0.205781 3247.18 
0.20593 3242.98 
0.206079 3238.81 
0.206228 3234.67 
0.206378 3230.57 
0.206527 3226.49 
0.206676 3222.45 
0.206826 3218.44 
0.206975 3214.46 
0.207124 3210.5 
0.207273 3206.58 
0.207423 3202.69 
0.207572 3198.82 
0.207721 3194.99 
0.20787 3191.18 
0.20802 3187.4 
0.208169 3183.65 
0.208318 3179.93 
0.208468 3176.24 
0.208617 3172.57 
0.208766 3168.92 
0.208915 3165.31 
0.209065 3161.72 
0.209214 3158.15 
0.209363 3154.61 
0.209513 3151.1 
0.209662 3147.61 
0.209811 3144.14 
0.20996 3140.7 
0.21011 3137.28 
0.210259 3133.89 
0.210408 3130.52 
0.210557 3127.17 
0.210707 3123.84 
0.210856 3120.54 
0.211005 3117.26 
0.211155 3114 
0.211304 3110.76 
0.211453 3107.54 
0.211602 3104.34 
0.211752 3101.16 
0.211901 3098 
0.21205 3094.87 
0.2122 3091.75 
0.212349 3088.65 
0.212498 3085.57 
0.212647 3082.51 
0.212797 3079.46 
0.212946 3076.44 
0.213095 3073.43 
0.213244 3070.44 
0.213394 3067.46 
0.213543 3064.5 
0.213692 3061.56 
0.213842 3058.63 
0.213991 3055.72 
0.21414 3052.83 
0.214289 3049.95 
0.214439 3047.09 
0.214588 3044.24 
0.214737 3041.4 
0.214887 3038.58 
0.215036 3035.77 
0.215185 3032.97 
0.215334 3030.19 
0.215484 3027.42 
0.215633 3024.66 
0.215782 3021.92 
0.215932 3019.18 
0.216081 3016.46 
0.21623 3013.75 
0.216379 3011.05 
0.216529 3008.36 
0.216678 3005.68 
0.216827 3003.01 
0.216976 3000.35 
0.217126 2997.7 
0.217275 2995.06 
0.217424 2992.42 
0.217574 2989.8 
0.217723 2987.18 
0.217872 2984.57 
0.218021 2981.97 
0.218171 2979.38 
0.21832 2976.79 
0.218469 2974.21 
0.218619 2971.64 
0.218768 2969.07 
0.218917 2966.51 
0.219066 2963.95 
0.219216 2961.4 
0.219365 2958.85 
0.219514 2956.31 
0.219663 2953.77 
0.219813 2951.24 
0.219962 2948.71 
0.220111 2946.18 
0.220261 2943.65 
0.22041 2941.13 
0.220559 2938.61 
0.220708 2936.1 
0.220858 2933.58 
0.221007 2931.07 
0.221156 2928.55 
0.221306 2926.04 
0.221455 2923.53 
0.221604 2921.02 
0.221753 2918.51 
0.221903 2916 
0.222052 2913.49 
0.222201 2910.98 
0.22235 2908.47 
0.2225 2905.95 
0.222649 2903.44 
0.222798 2900.93 
0.222948 2898.42 
0.223097 2895.9 
0.223246 2893.39 
0.223395 2890.87 
0.223545 2888.36 
0.223694 2885.84 
0.223843 2883.32 
0.223993 2880.8 
0.224142 2878.28 
0.224291 2875.76 
0.22444 2873.24 
0.22459 2870.72 
0.224739 2868.19 
0.224888 2865.67 
0.225038 2863.14 
0.225187 2860.61 
0.225336 2858.08 
0.225485 2855.55 
0.225635 2853.02 
0.225784 2850.48 
0.225933 2847.95 
0.226082 2845.41 
0.226232 2842.87 
0.226381 2840.33 
0.22653 2837.78 
0.22668 2835.24 
0.226829 2832.69 
0.226978 2830.14 
0.227127 2827.59 
0.227277 2825.03 
0.227426 2822.48 
0.227575 2819.92 
0.227725 2817.36 
0.227874 2814.79 
0.228023 2812.23 
0.228172 2809.66 
0.228322 2807.09 
0.228471 2804.52 
0.22862 2801.94 
0.228769 2799.36 
0.228919 2796.78 
0.229068 2794.19 
0.229217 2791.61 
0.229367 2789.02 
0.229516 2786.42 
0.229665 2783.83 
0.229814 2781.23 
0.229964 2778.62 
0.230113 2776.02 
0.230262 2773.41 
0.230412 2770.8 
0.230561 2768.18 
0.23071 2765.56 
0.230859 2762.94 
0.231009 2760.31 
0.231158 2757.68 
0.231307 2755.05 
0.231456 2752.41 
0.231606 2749.77 
0.231755 2747.12 
0.231904 2744.47 
0.232054 2741.82 
0.232203 2739.16 
0.232352 2736.5 
0.232501 2733.83 
0.232651 2731.16 
0.2328 2728.49 
0.232949 2725.81 
0.233099 2723.13 
0.233248 2720.44 
0.233397 2717.75 
0.233546 2715.05 
0.233696 2712.35 
0.233845 2709.65 
0.233994 2706.94 
0.234143 2704.23 
0.234293 2701.51 
0.234442 2698.78 
0.234591 2696.05 
0.234741 2693.32 
0.23489 2690.58 
0.235039 2687.84 
0.235188 2685.09 
0.235338 2682.33 
0.235487 2679.57 
0.235636 2676.81 
0.235786 2674.04 
0.235935 2671.26 
0.236084 2668.48 
0.236233 2665.7 
0.236383 2662.91 
0.236532 2660.11 
0.236681 2657.31 
0.236831 2654.5 
0.23698 2651.68 
0.237129 2648.86 
0.237278 2646.04 
0.237428 2643.21 
0.237577 2640.37 
0.237726 2637.53 
0.237875 2634.68 
0.238025 2631.82 
0.238174 2628.96 
0.238323 2626.09 
0.238473 2623.22 
0.238622 2620.34 
0.238771 2617.45 
0.23892 2614.56 
0.23907 2611.66 
0.239219 2608.75 
0.239368 2605.84 
0.239518 2602.92 
0.239667 2599.99 
0.239816 2597.06 
0.239965 2594.12 
0.240115 2591.17 
0.240264 2588.22 
0.240413 2585.26 
0.240562 2582.29 
0.240712 2579.32 
0.240861 2576.34 
0.24101 2573.35 
0.24116 2570.36 
0.241309 2567.35 
0.241458 2564.34 
0.241607 2561.33 
0.241757 2558.3 
0.241906 2555.27 
0.242055 2552.23 
0.242205 2549.19 
0.242354 2546.13 
0.242503 2543.07 
0.242652 2540 
0.242802 2536.93 
0.242951 2533.85 
0.2431 2530.76 
0.243249 2527.67 
0.243399 2524.57 
0.243548 2521.46 
0.243697 2518.35 
0.243847 2515.23 
0.243996 2512.11 
0.244145 2508.98 
0.244294 2505.85 
0.244444 2502.71 
0.244593 2499.57 
0.244742 2496.42 
0.244892 2493.27 
0.245041 2490.11 
0.24519 2486.95 
0.245339 2483.79 
0.245489 2480.62 
0.245638 2477.45 
0.245787 2474.27 
0.245937 2471.1 
0.246086 2467.92 
0.246235 2464.73 
0.246384 2461.55 
0.246534 2458.36 
0.246683 2455.17 
0.246832 2451.97 
0.246981 2448.78 
0.247131 2445.58 
0.24728 2442.38 
0.247429 2439.18 
0.247579 2435.98 
0.247728 2432.77 
0.247877 2429.57 
0.248026 2426.36 
0.248176 2423.16 
0.248325 2419.95 
0.248474 2416.74 
0.248624 2413.54 
0.248773 2410.33 
0.248922 2407.12 
0.249071 2403.91 
0.249221 2400.71 
0.24937 2397.5 
0.249519 2394.3 
0.249668 2391.09 
0.249818 2387.89 
0.249967 2384.69 
0.250116 2381.49 
0.250266 2378.29 
0.250415 2375.09 
0.250564 2371.89 
0.250713 2368.7 
0.250863 2365.51 
0.251012 2362.32 
0.251161 2359.13 
0.251311 2355.95 
0.25146 2352.77 
0.251609 2349.59 
0.251758 2346.42 
0.251908 2343.25 
0.252057 2340.08 
0.252206 2336.91 
0.252355 2333.75 
0.252505 2330.6 
0.252654 2327.45 
0.252803 2324.3 
0.252953 2321.15 
0.253102 2318.01 
0.253251 2314.88 
0.2534 2311.75 
0.25355 2308.63 
0.253699 2305.51 
0.253848 2302.39 
0.253998 2299.28 
0.254147 2296.18 
0.254296 2293.08 
0.254445 2289.99 
0.254595 2286.91 
0.254744 2283.83 
0.254893 2280.76 
0.255043 2277.69 
0.255192 2274.63 
0.255341 2271.58 
0.25549 2268.54 
0.25564 2265.5 
0.255789 2262.47 
0.255938 2259.45 
0.256087 2256.43 
0.256237 2253.42 
0.256386 2250.42 
0.256535 2247.43 
0.256685 2244.45 
0.256834 2241.47 
0.256983 2238.51 
0.257132 2235.55 
0.257282 2232.6 
0.257431 2229.66 
0.25758 2226.73 
0.25773 2223.81 
0.257879 2220.9 
0.258028 2218 
0.258177 2215.1 
0.258327 2212.22 
0.258476 2209.35 
0.258625 2206.49 
0.258774 2203.63 
0.258924 2200.79 
0.259073 2197.96 
0.259222 2195.14 
0.259372 2192.33 
0.259521 2189.54 
0.25967 2186.75 
0.259819 2183.97 
0.259969 2181.21 
0.260118 2178.46 
0.260267 2175.72 
0.260417 2172.99 
0.260566 2170.27 
0.260715 2167.57 
0.260864 2164.87 
0.261014 2162.19 
0.261163 2159.53 
0.261312 2156.87 
0.261461 2154.23 
0.261611 2151.6 
0.26176 2148.99 
0.261909 2146.39 
0.262059 2143.8 
0.262208 2141.23 
0.262357 2138.67 
0.262506 2136.12 
0.262656 2133.59 
0.262805 2131.07 
0.262954 2128.56 
0.263104 2126.08 
0.263253 2123.6 
0.263402 2121.14 
0.263551 2118.7 
0.263701 2116.27 
0.26385 2113.85 
0.263999 2111.45 
0.264148 2109.07 
0.264298 2106.7 
0.264447 2104.35 
0.264596 2102.01 
0.264746 2099.69 
0.264895 2097.38 
0.265044 2095.09 
0.265193 2092.82 
0.265343 2090.56 
0.265492 2088.31 
0.265641 2086.08 
0.265791 2083.86 
0.26594 2081.66 
0.266089 2079.47 
0.266238 2077.3 
0.266388 2075.14 
0.266537 2072.99 
0.266686 2070.86 
0.266836 2068.74 
0.266985 2066.63 
0.267134 2064.54 
0.267283 2062.46 
0.267433 2060.4 
0.267582 2058.34 
0.267731 2056.3 
0.26788 2054.27 
0.26803 2052.26 
0.268179 2050.25 
0.268328 2048.26 
0.268478 2046.28 
0.268627 2044.32 
0.268776 2042.36 
0.268925 2040.42 
0.269075 2038.49 
0.269224 2036.56 
0.269373 2034.65 
0.269523 2032.76 
0.269672 2030.87 
0.269821 2028.99 
0.26997 2027.12 
0.27012 2025.27 
0.270269 2023.42 
0.270418 2021.59 
0.270567 2019.76 
0.270717 2017.95 
0.270866 2016.14 
0.271015 2014.35 
0.271165 2012.56 
0.271314 2010.79 
0.271463 2009.02 
0.271612 2007.26 
0.271762 2005.52 
0.271911 2003.78 
0.27206 2002.05 
0.27221 2000.32 
0.272359 1998.61 
0.272508 1996.91 
0.272657 1995.21 
0.272807 1993.52 
0.272956 1991.84 
0.273105 1990.17 
0.273254 1988.5 
0.273404 1986.85 
0.273553 1985.2 
0.273702 1983.56 
0.273852 1981.92 
0.274001 1980.29 
0.27415 1978.67 
0.274299 1977.06 
0.274449 1975.45 
0.274598 1973.85 
0.274747 1972.26 
0.274897 1970.67 
0.275046 1969.09 
0.275195 1967.52 
0.275344 1965.95 
0.275494 1964.38 
0.275643 1962.83 
0.275792 1961.27 
0.275942 1959.73 
0.276091 1958.19 
0.27624 1956.65 
0.276389 1955.12 
0.276539 1953.59 
0.276688 1952.07 
0.276837 1950.55 
0.276986 1949.04 
0.277136 1947.54 
0.277285 1946.03 
0.277434 1944.53 
0.277584 1943.04 
0.277733 1941.55 
0.277882 1940.06 
0.278031 1938.57 
0.278181 1937.09 
0.27833 1935.62 
0.278479 1934.14 
0.278629 1932.67 
0.278778 1931.21 
0.278927 1929.74 
0.279076 1928.28 
0.279226 1926.82 
0.279375 1925.36 
0.279524 1923.91 
0.279673 1922.46 
0.279823 1921.01 
0.279972 1919.56 
0.280121 1918.11 
0.280271 1916.67 
0.28042 1915.23 
0.280569 1913.78 
0.280718 1912.34 
0.280868 1910.9 
0.281017 1909.47 
0.281166 1908.03 
0.281316 1906.59 
0.281465 1905.16 
0.281614 1903.72 
0.281763 1902.29 
0.281913 1900.86 
0.282062 1899.42 
0.282211 1897.99 
0.28236 1896.56 
0.28251 1895.12 
0.282659 1893.69 
0.282808 1892.25 
0.282958 1890.82 
0.283107 1889.38 
0.283256 1887.95 
0.283405 1886.51 
0.283555 1885.07 
0.283704 1883.63 
0.283853 1882.19 
0.284003 1880.75 
0.284152 1879.3 
0.284301 1877.86 
0.28445 1876.41 
0.2846 1874.96 
0.284749 1873.51 
0.284898 1872.05 
0.285048 1870.6 
0.285197 1869.14 
0.285346 1867.68 
0.285495 1866.21 
0.285645 1864.75 
0.285794 1863.28 
0.285943 1861.8 
0.286092 1860.33 
0.286242 1858.85 
0.286391 1857.37 
0.28654 1855.88 
0.28669 1854.39 
0.286839 1852.9 
0.286988 1851.4 
0.287137 1849.9 
0.287287 1848.39 
0.287436 1846.88 
0.287585 1845.37 
0.287735 1843.85 
0.287884 1842.32 
0.288033 1840.79 
0.288182 1839.26 
0.288332 1837.72 
0.288481 1836.18 
0.28863 1834.63 
0.288779 1833.07 
0.288929 1831.51 
0.289078 1829.95 
0.289227 1828.38 
0.289377 1826.8 
0.289526 1825.22 
0.289675 1823.64 
0.289824 1822.05 
0.289974 1820.45 
0.290123 1818.85 
0.290272 1817.25 
0.290422 1815.64 
0.290571 1814.03 
0.29072 1812.41 
0.290869 1810.79 
0.291019 1809.16 
0.291168 1807.53 
0.291317 1805.89 
0.291466 1804.25 
0.291616 1802.61 
0.291765 1800.96 
0.291914 1799.31 
0.292064 1797.66 
0.292213 1796 
0.292362 1794.33 
0.292511 1792.67 
0.292661 1791 
0.29281 1789.32 
0.292959 1787.64 
0.293109 1785.96 
0.293258 1784.28 
0.293407 1782.59 
0.293556 1780.9 
0.293706 1779.21 
0.293855 1777.51 
0.294004 1775.81 
0.294153 1774.1 
0.294303 1772.4 
0.294452 1770.69 
0.294601 1768.98 
0.294751 1767.26 
0.2949 1765.54 
0.295049 1763.82 
0.295198 1762.1 
0.295348 1760.38 
0.295497 1758.65 
0.295646 1756.92 
0.295796 1755.19 
0.295945 1753.45 
0.296094 1751.72 
0.296243 1749.98 
0.296393 1748.24 
0.296542 1746.49 
0.296691 1744.75 
0.296841 1743 
0.29699 1741.25 
0.297139 1739.5 
0.297288 1737.75 
0.297438 1736 
0.297587 1734.24 
0.297736 1732.49 
0.297885 1730.73 
0.298035 1728.97 
0.298184 1727.21 
0.298333 1725.45 
0.298483 1723.68 
0.298632 1721.92 
0.298781 1720.15 
0.29893 1718.39 
0.29908 1716.62 
0.299229 1714.85 
0.299378 1713.08 
0.299528 1711.32 
0.299677 1709.54 
0.299826 1707.77 
0.299975 1706 
0.300125 1704.23 
0.300274 1702.46 
0.300423 1700.69 
0.300572 1698.91 
0.300722 1697.14 
0.300871 1695.37 
0.30102 1693.59 
0.30117 1691.82 
0.301319 1690.05 
0.301468 1688.27 
0.301617 1686.5 
0.301767 1684.73 
0.301916 1682.96 
0.302065 1681.18 
0.302215 1679.41 
0.302364 1677.64 
0.302513 1675.87 
0.302662 1674.1 
0.302812 1672.33 
0.302961 1670.56 
0.30311 1668.79 
0.303259 1667.02 
0.303409 1665.26 
0.303558 1663.49 
0.303707 1661.72 
0.303857 1659.96 
0.304006 1658.2 
0.304155 1656.44 
0.304304 1654.68 
0.304454 1652.92 
0.304603 1651.16 
0.304752 1649.4 
0.304902 1647.65 
0.305051 1645.89 
0.3052 1644.14 
0.305349 1642.39 
0.305499 1640.64 
0.305648 1638.9 
0.305797 1637.15 
0.305947 1635.41 
0.306096 1633.67 
0.306245 1631.93 
0.306394 1630.19 
0.306544 1628.46 
0.306693 1626.72 
0.306842 1624.99 
0.306991 1623.26 
0.307141 1621.54 
0.30729 1619.81 
0.307439 1618.09 
0.307589 1616.38 
0.307738 1614.66 
0.307887 1612.95 
0.308036 1611.24 
0.308186 1609.53 
0.308335 1607.82 
0.308484 1606.12 
0.308634 1604.42 
0.308783 1602.72 
0.308932 1601.03 
0.309081 1599.34 
0.309231 1597.65 
0.30938 1595.97 
0.309529 1594.29 
0.309678 1592.61 
0.309828 1590.94 
0.309977 1589.27 
0.310126 1587.6 
0.310276 1585.94 
0.310425 1584.28 
0.310574 1582.62 
0.310723 1580.97 
0.310873 1579.32 
0.311022 1577.68 
0.311171 1576.03 
0.311321 1574.4 
0.31147 1572.76 
0.311619 1571.14 
0.311768 1569.51 
0.311918 1567.89 
0.312067 1566.27 
0.312216 1564.66 
0.312365 1563.05 
0.312515 1561.45 
0.312664 1559.85 
0.312813 1558.26 
0.312963 1556.67 
0.313112 1555.08 
0.313261 1553.5 
0.31341 1551.93 
0.31356 1550.36 
0.313709 1548.79 
0.313858 1547.23 
0.314008 1545.67 
0.314157 1544.12 
0.314306 1542.58 
0.314455 1541.03 
0.314605 1539.5 
0.314754 1537.97 
0.314903 1536.44 
0.315053 1534.92 
0.315202 1533.41 
0.315351 1531.9 
0.3155 1530.4 
0.31565 1528.9 
0.315799 1527.4 
0.315948 1525.92 
0.316097 1524.43 
0.316247 1522.95 
0.316396 1521.48 
0.316545 1520.02 
0.316695 1518.55 
0.316844 1517.1 
0.316993 1515.64 
0.317142 1514.2 
0.317292 1512.75 
0.317441 1511.32 
0.31759 1509.88 
0.31774 1508.46 
0.317889 1507.03 
0.318038 1505.61 
0.318187 1504.2 
0.318337 1502.79 
0.318486 1501.39 
0.318635 1499.99 
0.318784 1498.6 
0.318934 1497.21 
0.319083 1495.82 
0.319232 1494.44 
0.319382 1493.06 
0.319531 1491.69 
0.31968 1490.32 
0.319829 1488.96 
0.319979 1487.6 
0.320128 1486.25 
0.320277 1484.9 
0.320427 1483.55 
0.320576 1482.21 
0.320725 1480.87 
0.320874 1479.54 
0.321024 1478.21 
0.321173 1476.89 
0.321322 1475.57 
0.321471 1474.25 
0.321621 1472.94 
0.32177 1471.63 
0.321919 1470.32 
0.322069 1469.02 
0.322218 1467.73 
0.322367 1466.43 
0.322516 1465.14 
0.322666 1463.86 
0.322815 1462.58 
0.322964 1461.3 
0.323114 1460.03 
0.323263 1458.76 
0.323412 1457.49 
0.323561 1456.23 
0.323711 1454.97 
0.32386 1453.71 
0.324009 1452.46 
0.324159 1451.21 
0.324308 1449.97 
0.324457 1448.72 
0.324606 1447.49 
0.324756 1446.25 
0.324905 1445.02 
0.325054 1443.79 
0.325203 1442.57 
0.325353 1441.35 
0.325502 1440.13 
0.325651 1438.91 
0.325801 1437.7 
0.32595 1436.49 
0.326099 1435.29 
0.326248 1434.08 
0.326398 1432.88 
0.326547 1431.69 
0.326696 1430.49 
0.326846 1429.3 
0.326995 1428.12 
0.327144 1426.93 
0.327293 1425.75 
0.327443 1424.57 
0.327592 1423.39 
0.327741 1422.22 
0.32789 1421.05 
0.32804 1419.88 
0.328189 1418.72 
0.328338 1417.55 
0.328488 1416.39 
0.328637 1415.24 
0.328786 1414.08 
0.328935 1412.93 
0.329085 1411.78 
0.329234 1410.63 
0.329383 1409.49 
0.329533 1408.35 
0.329682 1407.21 
0.329831 1406.07 
0.32998 1404.94 
0.33013 1403.8 
0.330279 1402.67 
0.330428 1401.54 
0.330577 1400.42 
0.330727 1399.29 
0.330876 1398.17 
0.331025 1397.05 
0.331175 1395.94 
0.331324 1394.82 
0.331473 1393.71 
0.331622 1392.6 
0.331772 1391.49 
0.331921 1390.38 
0.33207 1389.27 
0.33222 1388.17 
0.332369 1387.07 
0.332518 1385.97 
0.332667 1384.87 
0.332817 1383.78 
0.332966 1382.68 
0.333115 1381.59 
0.333264 1380.5 
0.333414 1379.41 
0.333563 1378.32 
0.333712 1377.23 
0.333862 1376.15 
0.334011 1375.07 
0.33416 1373.99 
0.334309 1372.91 
0.334459 1371.83 
0.334608 1370.75 
0.334757 1369.68 
0.334907 1368.6 
0.335056 1367.53 
0.335205 1366.46 
0.335354 1365.39 
0.335504 1364.32 
0.335653 1363.25 
0.335802 1362.18 
0.335952 1361.12 
0.336101 1360.05 
0.33625 1358.99 
0.336399 1357.93 
0.336549 1356.87 
0.336698 1355.81 
0.336847 1354.75 
0.336996 1353.69 
0.337146 1352.63 
0.337295 1351.58 
0.337444 1350.52 
0.337594 1349.47 
0.337743 1348.42 
0.337892 1347.36 
0.338041 1346.31 
0.338191 1345.26 
0.33834 1344.21 
0.338489 1343.16 
0.338639 1342.11 
0.338788 1341.06 
0.338937 1340.01 
0.339086 1338.97 
0.339236 1337.92 
0.339385 1336.87 
0.339534 1335.83 
0.339683 1334.78 
0.339833 1333.74 
0.339982 1332.69 
0.340131 1331.65 
0.340281 1330.61 
0.34043 1329.56 
0.340579 1328.52 
0.340728 1327.48 
0.340878 1326.44 
0.341027 1325.39 
0.341176 1324.35 
0.341326 1323.31 
0.341475 1322.27 
0.341624 1321.23 
0.341773 1320.18 
0.341923 1319.14 
0.342072 1318.1 
0.342221 1317.06 
0.34237 1316.02 
0.34252 1314.98 
0.342669 1313.93 
0.342818 1312.89 
0.342968 1311.85 
0.343117 1310.81 
0.343266 1309.76 
0.343415 1308.72 
0.343565 1307.68 
0.343714 1306.63 
0.343863 1305.59 
0.344013 1304.55 
0.344162 1303.5 
0.344311 1302.46 
0.34446 1301.41 
0.34461 1300.37 
0.344759 1299.32 
0.344908 1298.28 
0.345058 1297.23 
0.345207 1296.18 
0.345356 1295.14 
0.345505 1294.09 
0.345655 1293.04 
0.345804 1291.99 
0.345953 1290.94 
0.346102 1289.9 
0.346252 1288.85 
0.346401 1287.8 
0.34655 1286.75 
0.3467 1285.7 
0.346849 1284.65 
0.346998 1283.6 
0.347147 1282.55 
0.347297 1281.5 
0.347446 1280.45 
0.347595 1279.4 
0.347745 1278.35 
0.347894 1277.3 
0.348043 1276.25 
0.348192 1275.2 
0.348342 1274.15 
0.348491 1273.1 
0.34864 1272.05 
0.348789 1271 
0.348939 1269.95 
0.349088 1268.9 
0.349237 1267.85 
0.349387 1266.8 
0.349536 1265.75 
0.349685 1264.7 
0.349834 1263.65 
0.349984 1262.6 
0.350133 1261.55 
0.350282 1260.5 
0.350432 1259.45 
0.350581 1258.4 
0.35073 1257.35 
0.350879 1256.3 
0.351029 1255.25 
0.351178 1254.2 
0.351327 1253.15 
0.351476 1252.1 
0.351626 1251.05 
0.351775 1250 
0.351924 1248.95 
0.352074 1247.9 
0.352223 1246.86 
0.352372 1245.81 
0.352521 1244.76 
0.352671 1243.71 
0.35282 1242.67 
0.352969 1241.62 
0.353119 1240.57 
0.353268 1239.53 
0.353417 1238.48 
0.353566 1237.43 
0.353716 1236.39 
0.353865 1235.34 
0.354014 1234.3 
0.354164 1233.25 
0.354313 1232.21 
0.354462 1231.17 
0.354611 1230.12 
0.354761 1229.08 
0.35491 1228.04 
0.355059 1227 
0.355208 1225.95 
0.355358 1224.91 
0.355507 1223.87 
0.355656 1222.83 
0.355806 1221.79 
0.355955 1220.75 
0.356104 1219.71 
0.356253 1218.68 
0.356403 1217.64 
0.356552 1216.6 
0.356701 1215.56 
0.356851 1214.53 
0.357 1213.49 
0.357149 1212.46 
0.357298 1211.42 
0.357448 1210.39 
0.357597 1209.36 
0.357746 1208.32 
0.357895 1207.29 
0.358045 1206.26 
0.358194 1205.23 
0.358343 1204.2 
0.358493 1203.17 
0.358642 1202.14 
0.358791 1201.11 
0.35894 1200.08 
0.35909 1199.06 
0.359239 1198.03 
0.359388 1197.01 
0.359538 1195.98 
0.359687 1194.96 
0.359836 1193.93 
0.359985 1192.91 
0.360135 1191.89 
0.360284 1190.87 
0.360433 1189.85 
0.360582 1188.83 
0.360732 1187.81 
0.360881 1186.79 
0.36103 1185.78 
0.36118 1184.76 
0.361329 1183.75 
0.361478 1182.73 
0.361627 1181.72 
0.361777 1180.71 
0.361926 1179.7 
0.362075 1178.68 
0.362225 1177.68 
0.362374 1176.67 
0.362523 1175.66 
0.362672 1174.65 
0.362822 1173.65 
0.362971 1172.64 
0.36312 1171.64 
0.363269 1170.63 
0.363419 1169.63 
0.363568 1168.63 
0.363717 1167.63 
0.363867 1166.63 
0.364016 1165.63 
0.364165 1164.64 
0.364314 1163.64 
0.364464 1162.65 
0.364613 1161.65 
0.364762 1160.66 
0.364912 1159.67 
0.365061 1158.68 
0.36521 1157.69 
0.365359 1156.7 
0.365509 1155.71 
0.365658 1154.73 
0.365807 1153.74 
0.365957 1152.76 
0.366106 1151.78 
0.366255 1150.8 
0.366404 1149.82 
0.366554 1148.84 
0.366703 1147.86 
0.366852 1146.88 
0.367001 1145.91 
0.367151 1144.93 
0.3673 1143.96 
0.367449 1142.99 
0.367599 1142.02 
0.367748 1141.05 
0.367897 1140.08 
0.368046 1139.12 
0.368196 1138.15 
0.368345 1137.19 
0.368494 1136.22 
0.368644 1135.26 
0.368793 1134.3 
0.368942 1133.35 
0.369091 1132.39 
0.369241 1131.43 
0.36939 1130.48 
0.369539 1129.53 
0.369688 1128.57 
0.369838 1127.62 
0.369987 1126.68 
0.370136 1125.73 
0.370286 1124.78 
0.370435 1123.84 
0.370584 1122.9 
0.370733 1121.95 
0.370883 1121.01 
0.371032 1120.08 
0.371181 1119.14 
0.371331 1118.2 
0.37148 1117.27 
0.371629 1116.34 
0.371778 1115.41 
0.371928 1114.48 
0.372077 1113.55 
0.372226 1112.62 
0.372375 1111.7 
0.372525 1110.78 
0.372674 1109.85 
0.372823 1108.93 
0.372973 1108.02 
0.373122 1107.1 
0.373271 1106.18 
0.37342 1105.27 
0.37357 1104.36 
0.373719 1103.45 
0.373868 1102.54 
0.374018 1101.63 
0.374167 1100.73 
0.374316 1099.83 
0.374465 1098.92 
0.374615 1098.02 
0.374764 1097.13 
0.374913 1096.23 
0.375063 1095.33 
0.375212 1094.44 
0.375361 1093.55 
0.37551 1092.66 
0.37566 1091.77 
0.375809 1090.89 
0.375958 1090 
0.376107 1089.12 
0.376257 1088.24 
0.376406 1087.36 
0.376555 1086.48 
0.376705 1085.61 
0.376854 1084.74 
0.377003 1083.86 
0.377152 1082.99 
0.377302 1082.12 
0.377451 1081.26 
0.3776 1080.39 
0.37775 1079.53 
0.377899 1078.67 
0.378048 1077.81 
0.378197 1076.95 
0.378347 1076.09 
0.378496 1075.24 
0.378645 1074.38 
0.378794 1073.53 
0.378944 1072.68 
0.379093 1071.83 
0.379242 1070.99 
0.379392 1070.14 
0.379541 1069.3 
0.37969 1068.46 
0.379839 1067.62 
0.379989 1066.78 
0.380138 1065.94 
0.380287 1065.1 
0.380437 1064.27 
0.380586 1063.44 
0.380735 1062.61 
0.380884 1061.78 
0.381034 1060.95 
0.381183 1060.12 
0.381332 1059.3 
0.381481 1058.48 
0.381631 1057.65 
0.38178 1056.83 
0.381929 1056.01 
0.382079 1055.2 
0.382228 1054.38 
0.382377 1053.57 
0.382526 1052.76 
0.382676 1051.94 
0.382825 1051.13 
0.382974 1050.33 
0.383124 1049.52 
0.383273 1048.71 
0.383422 1047.91 
0.383571 1047.11 
0.383721 1046.31 
0.38387 1045.51 
0.384019 1044.71 
0.384169 1043.91 
0.384318 1043.12 
0.384467 1042.32 
0.384616 1041.53 
0.384766 1040.74 
0.384915 1039.95 
0.385064 1039.16 
0.385213 1038.38 
0.385363 1037.59 
0.385512 1036.81 
0.385661 1036.02 
0.385811 1035.24 
0.38596 1034.46 
0.386109 1033.68 
0.386258 1032.9 
0.386408 1032.13 
0.386557 1031.35 
0.386706 1030.58 
0.386856 1029.81 
0.387005 1029.04 
0.387154 1028.27 
0.387303 1027.5 
0.387453 1026.73 
0.387602 1025.97 
0.387751 1025.2 
0.3879 1024.44 
0.38805 1023.68 
0.388199 1022.92 
0.388348 1022.16 
0.388498 1021.4 
0.388647 1020.64 
0.388796 1019.89 
0.388945 1019.13 
0.389095 1018.38 
0.389244 1017.63 
0.389393 1016.88 
0.389543 1016.13 
0.389692 1015.38 
0.389841 1014.63 
0.38999 1013.88 
0.39014 1013.14 
0.390289 1012.39 
0.390438 1011.65 
0.390587 1010.91 
0.390737 1010.17 
0.390886 1009.43 
0.391035 1008.69 
0.391185 1007.96 
0.391334 1007.22 
0.391483 1006.49 
0.391632 1005.75 
0.391782 1005.02 
0.391931 1004.29 
0.39208 1003.56 
0.39223 1002.83 
0.392379 1002.1 
0.392528 1001.37 
0.392677 1000.65 
0.392827 999.923 
0.392976 999.2 
0.393125 998.477 
0.393274 997.755 
0.393424 997.035 
0.393573 996.315 
0.393722 995.596 
0.393872 994.879 
0.394021 994.162 
0.39417 993.447 
0.394319 992.732 
0.394469 992.019 
0.394618 991.306 
0.394767 990.594 
0.394917 989.884 
0.395066 989.174 
0.395215 988.466 
0.395364 987.758 
0.395514 987.051 
0.395663 986.345 
0.395812 985.641 
0.395962 984.937 
0.396111 984.234 
0.39626 983.532 
0.396409 982.831 
0.396559 982.13 
0.396708 981.431 
0.396857 980.733 
0.397006 980.035 
0.397156 979.339 
0.397305 978.643 
0.397454 977.948 
0.397604 977.254 
0.397753 976.561 
0.397902 975.869 
0.398051 975.178 
0.398201 974.487 
0.39835 973.797 
0.398499 973.109 
0.398649 972.421 
0.398798 971.733 
0.398947 971.047 
0.399096 970.362 
0.399246 969.677 
0.399395 968.993 
0.399544 968.31 
0.399693 967.628 
0.399843 966.946 
0.399992 966.265 
0.400141 965.585 
0.400291 964.906 
0.40044 964.228 
0.400589 963.55 
0.400738 962.873 
0.400888 962.197 
0.401037 961.521 
0.401186 960.847 
0.401336 960.173 
0.401485 959.499 
0.401634 958.827 
0.401783 958.155 
0.401933 957.484 
0.402082 956.813 
0.402231 956.144 
0.40238 955.474 
0.40253 954.806 
0.402679 954.138 
0.402828 953.471 
0.402978 952.805 
0.403127 952.139 
0.403276 951.474 
0.403425 950.81 
0.403575 950.146 
0.403724 949.483 
0.403873 948.82 
0.404023 948.158 
0.404172 947.497 
0.404321 946.836 
0.40447 946.176 
0.40462 945.517 
0.404769 944.858 
0.404918 944.2 
0.405068 943.542 
0.405217 942.885 
0.405366 942.228 
0.405515 941.573 
0.405665 940.917 
0.405814 940.262 
0.405963 939.608 
0.406112 938.954 
0.406262 938.301 
0.406411 937.648 
0.40656 936.996 
0.40671 936.344 
0.406859 935.693 
0.407008 935.043 
0.407157 934.393 
0.407307 933.743 
0.407456 933.094 
0.407605 932.445 
0.407755 931.797 
0.407904 931.149 
0.408053 930.502 
0.408202 929.855 
0.408352 929.209 
0.408501 928.563 
0.40865 927.918 
0.408799 927.273 
0.408949 926.628 
0.409098 925.984 
0.409247 925.341 
0.409397 924.697 
0.409546 924.054 
0.409695 923.412 
0.409844 922.77 
0.409994 922.128 
0.410143 921.487 
0.410292 920.846 
0.410442 920.206 
0.410591 919.566 
0.41074 918.926 
0.410889 918.287 
0.411039 917.648 
0.411188 917.009 
0.411337 916.371 
0.411486 915.733 
0.411636 915.096 
0.411785 914.458 
0.411934 913.822 
0.412084 913.185 
0.412233 912.549 
0.412382 911.914 
0.412531 911.278 
0.412681 910.643 
0.41283 910.009 
0.412979 909.374 
0.413129 908.741 
0.413278 908.107 
0.413427 907.474 
0.413576 906.841 
0.413726 906.208 
0.413875 905.576 
0.414024 904.944 
0.414174 904.313 
0.414323 903.682 
0.414472 903.051 
0.414621 902.42 
0.414771 901.79 
0.41492 901.16 
0.415069 900.531 
0.415218 899.901 
0.415368 899.273 
0.415517 898.644 
0.415666 898.016 
0.415816 897.388 
0.415965 896.76 
0.416114 896.133 
0.416263 895.506 
0.416413 894.879 
0.416562 894.253 
0.416711 893.626 
0.416861 893.001 
0.41701 892.375 
0.417159 891.75 
0.417308 891.125 
0.417458 890.5 
0.417607 889.876 
0.417756 889.252 
0.417905 888.628 
0.418055 888.005 
0.418204 887.381 
0.418353 886.758 
0.418503 886.136 
0.418652 885.513 
0.418801 884.891 
0.41895 884.269 
0.4191 883.648 
0.419249 883.027 
0.419398 882.406 
0.419548 881.785 
0.419697 881.164 
0.419846 880.544 
0.419995 879.924 
0.420145 879.304 
0.420294 878.685 
0.420443 878.066 
0.420592 877.447 
0.420742 876.828 
0.420891 876.21 
0.42104 875.591 
0.42119 874.973 
0.421339 874.356 
0.421488 873.738 
0.421637 873.121 
0.421787 872.504 
0.421936 871.887 
0.422085 871.271 
0.422235 870.654 
0.422384 870.038 
0.422533 869.422 
0.422682 868.807 
0.422832 868.191 
0.422981 867.576 
0.42313 866.961 
0.42328 866.347 
0.423429 865.732 
0.423578 865.118 
0.423727 864.504 
0.423877 863.89 
0.424026 863.276 
0.424175 862.663 
0.424324 862.049 
0.424474 861.436 
0.424623 860.823 
0.424772 860.211 
0.424922 859.598 
0.425071 858.986 
0.42522 858.374 
0.425369 857.762 
0.425519 857.15 
0.425668 856.539 
0.425817 855.927 
0.425967 855.316 
0.426116 854.705 
0.426265 854.094 
0.426414 853.484 
0.426564 852.873 
0.426713 852.263 
0.426862 851.653 
0.427011 851.043 
0.427161 850.433 
0.42731 849.824 
0.427459 849.214 
0.427609 848.605 
0.427758 847.996 
0.427907 847.387 
0.428056 846.778 
0.428206 846.17 
0.428355 845.561 
0.428504 844.953 
0.428654 844.345 
0.428803 843.737 
0.428952 843.129 
0.429101 842.521 
0.429251 841.914 
0.4294 841.306 
0.429549 840.699 
0.429698 840.092 
0.429848 839.485 
0.429997 838.878 
0.430146 838.271 
0.430296 837.664 
0.430445 837.058 
0.430594 836.451 
0.430743 835.845 
0.430893 835.239 
0.431042 834.633 
0.431191 834.027 
0.431341 833.421 
0.43149 832.816 
0.431639 832.21 
0.431788 831.605 
0.431938 830.999 
0.432087 830.394 
0.432236 829.789 
0.432385 829.184 
0.432535 828.579 
0.432684 827.974 
0.432833 827.37 
0.432983 826.765 
0.433132 826.161 
0.433281 825.556 
0.43343 824.952 
0.43358 824.348 
0.433729 823.743 
0.433878 823.139 
0.434028 822.535 
0.434177 821.932 
0.434326 821.328 
0.434475 820.724 
0.434625 820.12 
0.434774 819.517 
0.434923 818.913 
0.435073 818.31 
0.435222 817.706 
0.435371 817.103 
0.43552 816.5 
0.43567 815.897 
0.435819 815.294 
0.435968 814.691 
0.436117 814.088 
0.436267 813.485 
0.436416 812.882 
0.436565 812.279 
0.436715 811.676 
0.436864 811.074 
0.437013 810.471 
0.437162 809.868 
0.437312 809.266 
0.437461 808.663 
0.43761 808.061 
0.43776 807.458 
0.437909 806.856 
0.438058 806.253 
0.438207 805.651 
0.438357 805.049 
0.438506 804.447 
0.438655 803.844 
0.438804 803.242 
0.438954 802.64 
0.439103 802.038 
0.439252 801.436 
0.439402 800.833 
0.439551 800.231 
0.4397 799.629 
0.439849 799.027 
0.439999 798.425 
0.440148 797.823 
0.440297 797.221 
0.440447 796.619 
0.440596 796.017 
0.440745 795.415 
0.440894 794.813 
0.441044 794.211 
0.441193 793.609 
0.441342 793.007 
0.441491 792.405 
0.441641 791.803 
0.44179 791.201 
0.441939 790.599 
0.442089 789.997 
0.442238 789.395 
0.442387 788.792 
0.442536 788.19 
0.442686 787.588 
0.442835 786.986 
0.442984 786.384 
0.443134 785.782 
0.443283 785.18 
0.443432 784.577 
0.443581 783.975 
0.443731 783.373 
0.44388 782.77 
0.444029 782.168 
0.444179 781.566 
0.444328 780.963 
0.444477 780.361 
0.444626 779.758 
0.444776 779.156 
0.444925 778.553 
0.445074 777.95 
0.445223 777.348 
0.445373 776.745 
0.445522 776.142 
0.445671 775.539 
0.445821 774.937 
0.44597 774.334 
0.446119 773.731 
0.446268 773.128 
0.446418 772.524 
0.446567 771.921 
0.446716 771.318 
0.446866 770.715 
0.447015 770.111 
0.447164 769.508 
0.447313 768.904 
0.447463 768.301 
0.447612 767.697 
0.447761 767.093 
