# k (h/Mpc)   Matter   Baryon   CDM  CB  R  Nu   Rtot   (Units: (Mpc/h)^3)
    5.23575e-06         24.2665         24.2413         24.2413         24.2413         385.962               0         385.962 
    5.85117e-06         26.9985         26.9713         26.9713         26.9713         429.418               0         429.418 
    6.53894e-06         30.0382         30.0071         30.0071         30.0071         477.702               0         477.702 
    7.30754e-06         33.4201         33.3854         33.3854         33.3854         531.439               0         531.439 
    8.16649e-06         37.1827         37.1441         37.1441         37.1441         591.209               0         591.209 
     9.1264e-06         41.3689          41.326          41.326          41.326         657.685               0         657.685 
    1.01991e-05         46.0264         45.9787         45.9787         45.9787         731.613               0         731.613 
     1.1398e-05         51.2084         51.1552         51.1552         51.1552         813.819               0         813.819 
    1.27377e-05         56.9737         56.9146         56.9146         56.9146         905.216               0         905.216 
     1.4235e-05          63.388         63.3223         63.3223         63.3223         1006.82               0         1006.82 
    1.59082e-05         70.5246         70.4514         70.4514         70.4514         1119.73               0         1119.73 
    1.77781e-05         78.4646         78.3832         78.3832         78.3832         1245.19               0         1245.19 
    1.98678e-05         87.2984          87.208          87.208          87.208         1384.54               0         1384.54 
    2.22031e-05         97.1268         97.0262         97.0262         97.0262         1539.25               0         1539.25 
    2.48129e-05         108.062          107.95          107.95          107.95         1710.92               0         1710.92 
    2.77294e-05         120.227         120.103         120.103         120.103          1901.3               0          1901.3 
    3.09888e-05         133.763         133.625         133.625         133.625         2112.23               0         2112.23 
    3.46314e-05         148.822         148.668         148.668         148.668          2345.7               0          2345.7 
     3.8702e-05         165.576         165.406         165.406         165.406         2603.78               0         2603.78 
    4.32512e-05         184.216         184.027         184.027         184.027         2888.59               0         2888.59 
     4.8335e-05         204.955         204.744         204.744         204.744         3202.26               0         3202.26 
    5.40165e-05         228.027         227.794         227.794         227.794         3546.81               0         3546.81 
    6.03657e-05         253.696         253.437         253.437         253.437         3924.04               0         3924.04 
    6.74613e-05         282.253         281.967         281.967         281.967         4335.33               0         4335.33 
    7.53908e-05         314.024         313.707         313.707         313.707         4781.39               0         4781.39 
    8.42525e-05         349.368         349.018         349.018         349.018         5261.85               0         5261.85 
    9.41558e-05         388.688         388.303         388.303         388.303         5774.86               0         5774.86 
    0.000105223          432.43         432.006         432.006         432.006         6316.38               0         6316.38 
    0.000117591         481.088         480.623         480.623         480.623         6879.42               0         6879.42 
    0.000131413         535.215         534.707         534.707         534.707         7453.04               0         7453.04 
     0.00014686         595.421         594.869         594.869         594.869         8021.22               0         8021.22 
    0.000164122         662.387         661.789          661.79         661.789         8561.68               0         8561.68 
    0.000183414         736.865         736.223         736.224         736.224         9044.79               0         9044.79 
    0.000204973         819.691         819.009          819.01          819.01         9432.97               0         9432.97 
    0.000229066         911.793         911.077         911.077         911.077         9681.16               0         9681.16 
    0.000255991          1014.2         1013.46         1013.46         1013.46         9739.16               0         9739.16 
    0.000286081         1128.04         1127.29         1127.29         1127.29         9556.73               0         9556.73 
    0.000319707         1254.57         1253.83         1253.84         1253.83         9092.57               0         9092.57 
    0.000357287         1395.19         1394.49         1394.49         1394.49         8327.07               0         8327.07 
    0.000399283         1551.42         1550.79         1550.79         1550.79         7277.25               0         7277.25 
    0.000446216         1724.96         1724.44         1724.44         1724.44         6009.32               0         6009.32 
    0.000498665         1917.67         1917.29          1917.3          1917.3         4640.65               0         4640.65 
     0.00055728         2131.59          2131.4         2131.41         2131.41         3322.57               0         3322.57 
    0.000622784         2368.99         2369.01         2369.02         2369.02         2201.22               0         2201.22 
    0.000695988         2632.32         2632.56         2632.58         2632.57         1368.98               0         1368.98 
    0.000777796         2924.27         2924.72         2924.75         2924.74         834.554               0         834.554 
    0.000869221         3247.76          3248.4         3248.44         3248.43         534.835               0         534.835 
    0.000971391         3605.92         3606.72         3606.77         3606.76         377.986               0         377.986 
     0.00108557         4002.09         4003.05         4003.12         4003.11         282.093               0         282.093 
     0.00121317         4439.86         4440.99         4441.09         4441.07         198.673               0         198.673 
     0.00135577         4923.02         4924.34         4924.48         4924.46         125.024               0         125.024 
     0.00151513          5455.6         5457.11          5457.3         5457.27         78.7111               0         78.7111 
     0.00169323         6041.77         6043.45         6043.71         6043.67         56.5851               0         56.5851 
     0.00189225         6685.77         6687.61         6687.98         6687.92         39.5206               0         39.5206 
     0.00211467         7391.89         7393.89         7394.39         7394.31         24.5231               0         24.5231 
     0.00236324         8164.37         8166.49         8167.19         8167.08         17.7634               0         17.7634 
     0.00264102         9007.22         9009.42         9010.39         9010.23         12.0128               0         12.0128 
     0.00295145          9924.1         9926.33         9927.66         9927.45         7.97041               0         7.97041 
     0.00329837         10918.1         10920.3         10922.1         10921.8         5.54872               0         5.54872 
     0.00368607         11991.5         11993.5           11996         11995.6         3.83063               0         3.83063 
     0.00411935         13145.3         13146.9         13150.4         13149.8         2.46129               0         2.46129 
     0.00460354           14379         14380.1         14384.7           14384         1.72001               0         1.72001 
     0.00514466         15690.1         15690.2         15696.5         15695.5         1.16602               0         1.16602 
     0.00574937         17073.1         17071.7         17080.3           17079        0.813014               0        0.813014 
     0.00642517         18519.1         18515.7         18527.4         18525.5        0.552949               0        0.552949 
      0.0071804           20015         20008.7         20024.4         20021.9          0.3744               0          0.3744 
     0.00802441         21541.9         21531.6         21552.7         21549.3        0.243739               0        0.243739 
     0.00896762         23074.4         23058.8         23086.9         23082.4        0.163982               0        0.163982 
      0.0100217         24579.3         24556.5         24593.7         24587.9        0.114659               0        0.114659 
      0.0111997         26014.2         25982.1           26031         26023.3        0.076697               0        0.076697 
      0.0125161         27327.1         27282.9         27346.7         27336.6       0.0501778               0       0.0501778 
      0.0139873         28456.5         28397.2         28479.3         28466.4       0.0342483               0       0.0342483 
      0.0156314           29333         29255.3         29359.7         29343.2       0.0220248               0       0.0220248 
      0.0174688         29883.9         29784.5         29914.9         29894.3        0.013843               0        0.013843 
      0.0195221         30040.7         29916.5         30076.3         30051.1       0.0100401               0       0.0100401 
      0.0218168         29750.5         29599.8           29791         29760.8      0.00568585               0      0.00568585 
      0.0243812         28991.9         28814.7           29037         29001.9      0.00342483               0      0.00342483 
       0.027247         27790.9         27590.4           27840         27800.6      0.00208669               0      0.00208669 
      0.0304497           26234         26016.5         26285.6         26243.1      0.00138547               0      0.00138547 
      0.0340288         24468.5         24244.2         24520.7           24477     0.000820317               0     0.000820317 
      0.0380287         22683.7         22465.3         22734.1         22691.6     0.000473933               0     0.000473933 
      0.0424987         21066.4         20867.4         21112.4         21073.7     0.000283878               0     0.000283878 
      0.0474941         19734.2         19566.2         19773.9         19741.1     0.000178326               0     0.000178326 
      0.0530767           18660         18528.1         18692.5         18666.5     0.000104604               0     0.000104604 
      0.0593155         17624.2         17523.5         17650.4         17630.3     6.51878e-05               0     6.51878e-05 
      0.0662876         16276.9         16191.2         16299.6         16282.5     3.60137e-05               0     3.60137e-05 
      0.0740792         14389.9         14299.9         14412.8         14394.9     2.12996e-05               0     2.12996e-05 
      0.0827867         12180.8         12079.8         12204.7           12185     1.11891e-05               0     1.11891e-05 
      0.0925176           10276         10177.8         10298.7         10279.6     6.73913e-06               0     6.73913e-06 
       0.103392         9111.51         9036.17         9129.42         9114.68     3.71773e-06               0     3.71773e-06 
       0.115545         8333.23         8283.48         8346.06         8336.17     2.23278e-06               0     2.23278e-06 
       0.129127         7148.84         7103.22         7160.34         7151.31     1.20699e-06               0     1.20699e-06 
       0.144305         5714.27          5663.9         5726.09         5716.26     4.90408e-07               0     4.90408e-07 
       0.161267         4884.77         4846.57         4894.08         4886.57     3.28843e-07               0     3.28843e-07 
       0.180223         4284.83         4258.16         4291.59         4286.31     1.93457e-07               0     1.93457e-07 
       0.201407         3384.86         3356.67          3391.5            3386     8.37875e-08               0     8.37875e-08 
        0.22508          2866.2         2845.92         2871.27         2867.26     5.74878e-08               0     5.74878e-08 
       0.251537         2343.27         2325.71         2347.48         2344.04     2.65042e-08               0     2.65042e-08 
       0.281103         1908.59          1894.6         1912.07         1909.31     1.16927e-08               0     1.16927e-08 
       0.314145         1544.11         1532.39         1546.94         1544.64     7.12212e-09               0     7.12212e-09 
