2 0.000760396 
3 0.00135166 
4 0.00214758 
5 0.0031404 
6 0.00432902 
7 0.00570525 
8 0.00726752 
9 0.00900859 
10 0.0109224 
11 0.0130046 
12 0.0152498 
13 0.0176519 
14 0.020205 
15 0.0229035 
16 0.0257411 
17 0.0287121 
18 0.0318111 
19 0.0350324 
20 0.0383706 
21 0.0418203 
22 0.0453761 
23 0.0490328 
24 0.0527849 
25 0.0566275 
26 0.0605554 
27 0.0645639 
28 0.0686482 
29 0.0728037 
30 0.0770262 
31 0.0813114 
32 0.0856551 
33 0.0900531 
34 0.0945015 
35 0.0989963 
36 0.103534 
37 0.108111 
38 0.112724 
39 0.11737 
40 0.122046 
41 0.126749 
42 0.131477 
43 0.136227 
44 0.140995 
45 0.145781 
46 0.150581 
47 0.155393 
48 0.160216 
49 0.165047 
50 0.169886 
51 0.17473 
52 0.179579 
53 0.18443 
54 0.189283 
55 0.194137 
56 0.19899 
57 0.203842 
58 0.208692 
59 0.213539 
60 0.218384 
61 0.223225 
62 0.228063 
63 0.232897 
64 0.237728 
65 0.242554 
66 0.247377 
67 0.252195 
68 0.257011 
69 0.261823 
70 0.266633 
71 0.271441 
72 0.276248 
73 0.281053 
74 0.285859 
75 0.290665 
76 0.295473 
77 0.300283 
78 0.305095 
79 0.309913 
80 0.314735 
81 0.319564 
82 0.3244 
83 0.329245 
84 0.3341 
85 0.338965 
86 0.343843 
87 0.348734 
88 0.353639 
89 0.35856 
90 0.363499 
91 0.368456 
92 0.373433 
93 0.378431 
94 0.383451 
95 0.388496 
96 0.393565 
97 0.39866 
98 0.403784 
99 0.408936 
100 0.414119 
101 0.419333 
102 0.42458 
103 0.429862 
104 0.435178 
105 0.440531 
106 0.445921 
107 0.451349 
108 0.456818 
109 0.462327 
110 0.467877 
111 0.47347 
112 0.479107 
113 0.484788 
114 0.490514 
115 0.496286 
116 0.502105 
117 0.507972 
118 0.513887 
119 0.51985 
120 0.525863 
121 0.531926 
122 0.538039 
123 0.544202 
124 0.550418 
125 0.556685 
126 0.563004 
127 0.569375 
128 0.575799 
129 0.582275 
130 0.588804 
131 0.595386 
132 0.60202 
133 0.608707 
134 0.615447 
135 0.622238 
136 0.62908 
137 0.635974 
138 0.642918 
139 0.649912 
140 0.656954 
141 0.664045 
142 0.671184 
143 0.67837 
144 0.685603 
145 0.692883 
146 0.700208 
147 0.707577 
148 0.714991 
149 0.722448 
150 0.729947 
151 0.737487 
152 0.745068 
153 0.752687 
154 0.760344 
155 0.768037 
156 0.775765 
157 0.783525 
158 0.791318 
159 0.79914 
160 0.80699 
161 0.814866 
162 0.822768 
163 0.830692 
164 0.83864 
165 0.846608 
166 0.854596 
167 0.862603 
168 0.870626 
169 0.878665 
170 0.886717 
171 0.894781 
172 0.902855 
173 0.910938 
174 0.919028 
175 0.927121 
176 0.935218 
177 0.943315 
178 0.95141 
179 0.959502 
180 0.967587 
181 0.975664 
182 0.98373 
183 0.991786 
184 0.999828 
185 1.00786 
186 1.01587 
187 1.02386 
188 1.03183 
189 1.03979 
190 1.04772 
191 1.05562 
192 1.0635 
193 1.07135 
194 1.07917 
195 1.08696 
196 1.09472 
197 1.10244 
198 1.11012 
199 1.11776 
200 1.12536 
201 1.13291 
202 1.14042 
203 1.14789 
204 1.1553 
205 1.16267 
206 1.16999 
207 1.17725 
208 1.18447 
209 1.19163 
210 1.19873 
211 1.20579 
212 1.21278 
213 1.21971 
214 1.22659 
215 1.23341 
216 1.24016 
217 1.24686 
218 1.25349 
219 1.26005 
220 1.26655 
221 1.27299 
222 1.27935 
223 1.28565 
224 1.29187 
225 1.29803 
226 1.30411 
227 1.31012 
228 1.31605 
229 1.32192 
230 1.32771 
231 1.33342 
232 1.33906 
233 1.34463 
234 1.35012 
235 1.35554 
236 1.36088 
237 1.36615 
238 1.37135 
239 1.37647 
240 1.38151 
241 1.38648 
242 1.39138 
243 1.3962 
244 1.40094 
245 1.40562 
246 1.41022 
247 1.41474 
248 1.4192 
249 1.42358 
250 1.42788 
251 1.43212 
252 1.43629 
253 1.44038 
254 1.4444 
255 1.44836 
256 1.45224 
257 1.45606 
258 1.45981 
259 1.46349 
260 1.4671 
261 1.47065 
262 1.47413 
263 1.47755 
264 1.48091 
265 1.48421 
266 1.48744 
267 1.49061 
268 1.49373 
269 1.49679 
270 1.49979 
271 1.50274 
272 1.50563 
273 1.50847 
274 1.51126 
275 1.51399 
276 1.51668 
277 1.51933 
278 1.52192 
279 1.52448 
280 1.52698 
281 1.52945 
282 1.53187 
283 1.53426 
284 1.53661 
285 1.53892 
286 1.54119 
287 1.54344 
288 1.54565 
289 1.54783 
290 1.54998 
291 1.5521 
292 1.5542 
293 1.55628 
294 1.55833 
295 1.56036 
296 1.56238 
297 1.56438 
298 1.56637 
299 1.56834 
300 1.57031 
301 1.57226 
302 1.57421 
303 1.57616 
304 1.5781 
305 1.58003 
306 1.58196 
307 1.58389 
308 1.58581 
309 1.58774 
310 1.58966 
311 1.59158 
312 1.59351 
313 1.59543 
314 1.59736 
315 1.5993 
316 1.60123 
317 1.60317 
318 1.60512 
319 1.60708 
320 1.60904 
321 1.61101 
322 1.61299 
323 1.61498 
324 1.61698 
325 1.619 
326 1.62102 
327 1.62307 
328 1.62512 
329 1.62719 
330 1.62928 
331 1.63139 
332 1.63351 
333 1.63566 
334 1.63783 
335 1.64001 
336 1.64222 
337 1.64446 
338 1.64671 
339 1.649 
340 1.65131 
341 1.65364 
342 1.65601 
343 1.6584 
344 1.66083 
345 1.66328 
346 1.66577 
347 1.6683 
348 1.67085 
349 1.67345 
350 1.67608 
351 1.67874 
352 1.68145 
353 1.68419 
354 1.68697 
355 1.68979 
356 1.69264 
357 1.69553 
358 1.69846 
359 1.70142 
360 1.70442 
361 1.70745 
362 1.71052 
363 1.71363 
364 1.71676 
365 1.71994 
366 1.72314 
367 1.72638 
368 1.72966 
369 1.73296 
370 1.7363 
371 1.73967 
372 1.74306 
373 1.74649 
374 1.74995 
375 1.75344 
376 1.75695 
377 1.76049 
378 1.76406 
379 1.76765 
380 1.77127 
381 1.77492 
382 1.77858 
383 1.78227 
384 1.78598 
385 1.78971 
386 1.79347 
387 1.79724 
388 1.80102 
389 1.80483 
390 1.80865 
391 1.81248 
392 1.81633 
393 1.82019 
394 1.82406 
395 1.82795 
396 1.83184 
397 1.83573 
398 1.83964 
399 1.84355 
400 1.84746 
401 1.85137 
402 1.85529 
403 1.8592 
404 1.86312 
405 1.86703 
406 1.87095 
407 1.87486 
408 1.87877 
409 1.88267 
410 1.88657 
411 1.89047 
412 1.89436 
413 1.89824 
414 1.90212 
415 1.90598 
416 1.90984 
417 1.91369 
418 1.91752 
419 1.92134 
420 1.92515 
421 1.92895 
422 1.93273 
423 1.9365 
424 1.94024 
425 1.94397 
426 1.94768 
427 1.95137 
428 1.95504 
429 1.95869 
430 1.96231 
431 1.96591 
432 1.96948 
433 1.97302 
434 1.97654 
435 1.98002 
436 1.98348 
437 1.9869 
438 1.99029 
439 1.99365 
440 1.99696 
441 2.00025 
442 2.00349 
443 2.00669 
444 2.00985 
445 2.01297 
446 2.01604 
447 2.01907 
448 2.02204 
449 2.02497 
450 2.02785 
451 2.03068 
452 2.03345 
453 2.03618 
454 2.03885 
455 2.04146 
456 2.04403 
457 2.04654 
458 2.049 
459 2.0514 
460 2.05376 
461 2.05606 
462 2.0583 
463 2.0605 
464 2.06263 
465 2.06472 
466 2.06675 
467 2.06873 
468 2.07066 
469 2.07253 
470 2.07435 
471 2.07611 
472 2.07783 
473 2.07948 
474 2.08109 
475 2.08264 
476 2.08413 
477 2.08558 
478 2.08697 
479 2.0883 
480 2.08958 
481 2.09081 
482 2.09199 
483 2.09311 
484 2.09418 
485 2.09519 
486 2.09615 
487 2.09706 
488 2.09791 
489 2.09871 
490 2.09946 
491 2.10016 
492 2.1008 
493 2.10139 
494 2.10192 
495 2.1024 
496 2.10284 
497 2.10321 
498 2.10354 
499 2.10381 
500 2.10403 
501 2.1042 
502 2.10432 
503 2.10439 
504 2.10441 
505 2.10437 
506 2.10429 
507 2.10416 
508 2.10399 
509 2.10376 
510 2.10349 
511 2.10318 
512 2.10282 
513 2.10242 
514 2.10197 
515 2.10149 
516 2.10096 
517 2.10039 
518 2.09978 
519 2.09914 
520 2.09845 
521 2.09773 
522 2.09697 
523 2.09618 
524 2.09536 
525 2.0945 
526 2.09361 
527 2.09268 
528 2.09173 
529 2.09075 
530 2.08974 
531 2.0887 
532 2.08764 
533 2.08655 
534 2.08544 
535 2.0843 
536 2.08315 
537 2.08197 
538 2.08077 
539 2.07956 
540 2.07833 
541 2.07708 
542 2.07582 
543 2.07454 
544 2.07326 
545 2.07196 
546 2.07065 
547 2.06933 
548 2.06801 
549 2.06668 
550 2.06535 
551 2.06402 
552 2.06268 
553 2.06134 
554 2.06 
555 2.05866 
556 2.05732 
557 2.05598 
558 2.05464 
559 2.0533 
560 2.05196 
561 2.05063 
562 2.0493 
563 2.04797 
564 2.04665 
565 2.04533 
566 2.04402 
567 2.04272 
568 2.04142 
569 2.04013 
570 2.03885 
571 2.03757 
572 2.03631 
573 2.03505 
574 2.03381 
575 2.03258 
576 2.03136 
577 2.03015 
578 2.02895 
579 2.02777 
580 2.0266 
581 2.02545 
582 2.02432 
583 2.0232 
584 2.02209 
585 2.02101 
586 2.01994 
587 2.0189 
588 2.01787 
589 2.01687 
590 2.01588 
591 2.01492 
592 2.01398 
593 2.01306 
594 2.01217 
595 2.01131 
596 2.01047 
597 2.00965 
598 2.00886 
599 2.00811 
600 2.00738 
601 2.00668 
602 2.006 
603 2.00536 
604 2.00475 
605 2.00417 
606 2.00361 
607 2.00309 
608 2.00259 
609 2.00212 
610 2.00167 
611 2.00126 
612 2.00087 
613 2.00051 
614 2.00017 
615 1.99986 
616 1.99958 
617 1.99933 
618 1.9991 
619 1.99889 
620 1.99871 
621 1.99855 
622 1.99842 
623 1.99831 
624 1.99823 
625 1.99816 
626 1.99812 
627 1.99811 
628 1.99811 
629 1.99814 
630 1.99819 
631 1.99826 
632 1.99834 
633 1.99845 
634 1.99858 
635 1.99873 
636 1.99889 
637 1.99908 
638 1.99928 
639 1.9995 
640 1.99973 
641 1.99998 
642 2.00025 
643 2.00053 
644 2.00083 
645 2.00114 
646 2.00146 
647 2.0018 
648 2.00214 
649 2.0025 
650 2.00288 
651 2.00326 
652 2.00365 
653 2.00405 
654 2.00446 
655 2.00488 
656 2.00531 
657 2.00574 
658 2.00618 
659 2.00663 
660 2.00708 
661 2.00753 
662 2.00799 
663 2.00846 
664 2.00892 
665 2.00939 
666 2.00986 
667 2.01033 
668 2.01081 
669 2.01128 
670 2.01175 
671 2.01222 
672 2.01268 
673 2.01314 
674 2.0136 
675 2.01405 
676 2.0145 
677 2.01494 
678 2.01538 
679 2.0158 
680 2.01622 
681 2.01663 
682 2.01703 
683 2.01741 
684 2.01779 
685 2.01815 
686 2.0185 
687 2.01883 
688 2.01915 
689 2.01945 
690 2.01974 
691 2.02001 
692 2.02026 
693 2.02048 
694 2.02069 
695 2.02088 
696 2.02104 
697 2.02118 
698 2.02129 
699 2.02138 
700 2.02145 
701 2.02148 
702 2.02149 
703 2.02147 
704 2.02142 
705 2.02134 
706 2.02124 
707 2.0211 
708 2.02094 
709 2.02075 
710 2.02053 
711 2.02028 
712 2.02 
713 2.0197 
714 2.01936 
715 2.01899 
716 2.01859 
717 2.01817 
718 2.01771 
719 2.01722 
720 2.01671 
721 2.01616 
722 2.01558 
723 2.01497 
724 2.01433 
725 2.01366 
726 2.01296 
727 2.01222 
728 2.01146 
729 2.01066 
730 2.00983 
731 2.00896 
732 2.00807 
733 2.00714 
734 2.00618 
735 2.00519 
736 2.00417 
737 2.00311 
738 2.00202 
739 2.00089 
740 1.99973 
741 1.99854 
742 1.99731 
743 1.99605 
744 1.99476 
745 1.99343 
746 1.99206 
747 1.99067 
748 1.98923 
749 1.98776 
750 1.98626 
751 1.98472 
752 1.98314 
753 1.98154 
754 1.97989 
755 1.97821 
756 1.9765 
757 1.97476 
758 1.97298 
759 1.97118 
760 1.96934 
761 1.96747 
762 1.96557 
763 1.96363 
764 1.96167 
765 1.95968 
766 1.95766 
767 1.95562 
768 1.95354 
769 1.95144 
770 1.94931 
771 1.94716 
772 1.94498 
773 1.94277 
774 1.94054 
775 1.93829 
776 1.93601 
777 1.93371 
778 1.93139 
779 1.92905 
780 1.92668 
781 1.9243 
782 1.92189 
783 1.91947 
784 1.91702 
785 1.91456 
786 1.91208 
787 1.90959 
788 1.90708 
789 1.90455 
790 1.902 
791 1.89945 
792 1.89688 
793 1.89429 
794 1.89169 
795 1.88909 
796 1.88647 
797 1.88384 
798 1.8812 
799 1.87855 
800 1.87589 
801 1.87323 
802 1.87056 
803 1.86788 
804 1.8652 
805 1.86251 
806 1.85981 
807 1.85711 
808 1.85441 
809 1.8517 
810 1.84899 
811 1.84627 
812 1.84356 
813 1.84084 
814 1.83812 
815 1.8354 
816 1.83268 
817 1.82995 
818 1.82723 
819 1.82451 
820 1.8218 
821 1.81908 
822 1.81637 
823 1.81366 
824 1.81096 
825 1.80825 
826 1.80556 
827 1.80287 
828 1.80018 
829 1.79751 
830 1.79484 
831 1.79217 
832 1.78952 
833 1.78687 
834 1.78424 
835 1.78161 
836 1.77899 
837 1.77639 
838 1.7738 
839 1.77122 
840 1.76865 
841 1.7661 
842 1.76356 
843 1.76104 
844 1.75853 
845 1.75603 
846 1.75356 
847 1.7511 
848 1.74866 
849 1.74624 
850 1.74384 
851 1.74146 
852 1.7391 
853 1.73675 
854 1.73443 
855 1.73213 
856 1.72985 
857 1.72759 
858 1.72535 
859 1.72312 
860 1.72092 
861 1.71874 
862 1.71658 
863 1.71444 
864 1.71232 
865 1.71022 
866 1.70813 
867 1.70607 
868 1.70403 
869 1.70201 
870 1.70001 
871 1.69803 
872 1.69607 
873 1.69412 
874 1.6922 
875 1.6903 
876 1.68842 
877 1.68655 
878 1.68471 
879 1.68288 
880 1.68108 
881 1.67929 
882 1.67753 
883 1.67578 
884 1.67406 
885 1.67235 
886 1.67066 
887 1.66899 
888 1.66734 
889 1.66571 
890 1.6641 
891 1.66251 
892 1.66093 
893 1.65938 
894 1.65784 
895 1.65632 
896 1.65482 
897 1.65334 
898 1.65188 
899 1.65044 
900 1.64901 
901 1.64761 
902 1.64622 
903 1.64484 
904 1.64349 
905 1.64215 
906 1.64083 
907 1.63952 
908 1.63824 
909 1.63696 
910 1.6357 
911 1.63446 
912 1.63323 
913 1.63201 
914 1.63081 
915 1.62962 
916 1.62844 
917 1.62728 
918 1.62613 
919 1.62499 
920 1.62386 
921 1.62274 
922 1.62163 
923 1.62053 
924 1.61945 
925 1.61837 
926 1.6173 
927 1.61623 
928 1.61518 
929 1.61413 
930 1.61309 
931 1.61205 
932 1.61103 
933 1.61 
934 1.60898 
935 1.60797 
936 1.60696 
937 1.60595 
938 1.60495 
939 1.60395 
940 1.60295 
941 1.60195 
942 1.60096 
943 1.59996 
944 1.59897 
945 1.59797 
946 1.59697 
947 1.59597 
948 1.59497 
949 1.59397 
950 1.59296 
951 1.59195 
952 1.59094 
953 1.58992 
954 1.58889 
955 1.58786 
956 1.58683 
957 1.58579 
958 1.58475 
959 1.5837 
960 1.58264 
961 1.58158 
962 1.58052 
963 1.57944 
964 1.57836 
965 1.57727 
966 1.57618 
967 1.57508 
968 1.57396 
969 1.57285 
970 1.57172 
971 1.57058 
972 1.56944 
973 1.56829 
974 1.56712 
975 1.56595 
976 1.56477 
977 1.56358 
978 1.56237 
979 1.56116 
980 1.55994 
981 1.5587 
982 1.55745 
983 1.5562 
984 1.55493 
985 1.55364 
986 1.55235 
987 1.55104 
988 1.54972 
989 1.54838 
990 1.54703 
991 1.54567 
992 1.54429 
993 1.5429 
994 1.54149 
995 1.54006 
996 1.53862 
997 1.53717 
998 1.5357 
999 1.53421 
1000 1.53271 
1001 1.53118 
1002 1.52964 
1003 1.52809 
1004 1.52651 
1005 1.52492 
1006 1.52332 
1007 1.5217 
1008 1.52006 
1009 1.5184 
1010 1.51673 
1011 1.51504 
1012 1.51334 
1013 1.51162 
1014 1.50988 
1015 1.50813 
1016 1.50637 
1017 1.50459 
1018 1.50279 
1019 1.50098 
1020 1.49916 
1021 1.49732 
1022 1.49547 
1023 1.4936 
1024 1.49172 
1025 1.48982 
1026 1.48791 
1027 1.48599 
1028 1.48405 
1029 1.4821 
1030 1.48014 
1031 1.47817 
1032 1.47618 
1033 1.47418 
1034 1.47217 
1035 1.47014 
1036 1.46811 
1037 1.46606 
1038 1.464 
1039 1.46193 
1040 1.45984 
1041 1.45775 
1042 1.45564 
1043 1.45353 
1044 1.4514 
1045 1.44926 
1046 1.44712 
1047 1.44496 
1048 1.44279 
1049 1.44062 
1050 1.43843 
1051 1.43624 
1052 1.43403 
1053 1.43182 
1054 1.4296 
1055 1.42737 
1056 1.42514 
1057 1.42289 
1058 1.42064 
1059 1.41838 
1060 1.41612 
1061 1.41385 
1062 1.41157 
1063 1.40929 
1064 1.407 
1065 1.4047 
1066 1.4024 
1067 1.4001 
1068 1.39779 
1069 1.39548 
1070 1.39317 
1071 1.39085 
1072 1.38853 
1073 1.3862 
1074 1.38388 
1075 1.38155 
1076 1.37922 
1077 1.37689 
1078 1.37455 
1079 1.37222 
1080 1.36989 
1081 1.36755 
1082 1.36522 
1083 1.36289 
1084 1.36056 
1085 1.35823 
1086 1.3559 
1087 1.35357 
1088 1.35125 
1089 1.34893 
1090 1.34661 
1091 1.34429 
1092 1.34198 
1093 1.33967 
1094 1.33737 
1095 1.33507 
1096 1.33278 
1097 1.3305 
1098 1.32821 
1099 1.32594 
1100 1.32367 
1101 1.32141 
1102 1.31916 
1103 1.31691 
1104 1.31468 
1105 1.31245 
1106 1.31022 
1107 1.30801 
1108 1.3058 
1109 1.3036 
1110 1.30141 
1111 1.29923 
1112 1.29705 
1113 1.29489 
1114 1.29273 
1115 1.29058 
1116 1.28844 
1117 1.2863 
1118 1.28418 
1119 1.28206 
1120 1.27996 
1121 1.27786 
1122 1.27578 
1123 1.2737 
1124 1.27163 
1125 1.26957 
1126 1.26752 
1127 1.26548 
1128 1.26345 
1129 1.26143 
1130 1.25942 
1131 1.25742 
1132 1.25543 
1133 1.25345 
1134 1.25148 
1135 1.24952 
1136 1.24757 
1137 1.24563 
1138 1.24371 
1139 1.24179 
1140 1.23989 
1141 1.23799 
1142 1.23611 
1143 1.23424 
1144 1.23238 
1145 1.23053 
1146 1.22869 
1147 1.22687 
1148 1.22506 
1149 1.22325 
1150 1.22147 
1151 1.21969 
1152 1.21792 
1153 1.21617 
1154 1.21443 
1155 1.2127 
1156 1.21098 
1157 1.20927 
1158 1.20758 
1159 1.20589 
1160 1.20422 
1161 1.20255 
1162 1.2009 
1163 1.19926 
1164 1.19763 
1165 1.196 
1166 1.19439 
1167 1.19279 
1168 1.19119 
1169 1.18961 
1170 1.18804 
1171 1.18647 
1172 1.18492 
1173 1.18337 
1174 1.18183 
1175 1.1803 
1176 1.17878 
1177 1.17726 
1178 1.17576 
1179 1.17426 
1180 1.17277 
1181 1.17128 
1182 1.16981 
1183 1.16834 
1184 1.16688 
1185 1.16542 
1186 1.16397 
1187 1.16253 
1188 1.16109 
1189 1.15966 
1190 1.15823 
1191 1.15681 
1192 1.1554 
1193 1.15399 
1194 1.15258 
1195 1.15118 
1196 1.14979 
1197 1.14839 
1198 1.14701 
1199 1.14562 
1200 1.14424 
1201 1.14287 
1202 1.14149 
1203 1.14012 
1204 1.13875 
1205 1.13739 
1206 1.13603 
1207 1.13467 
1208 1.13331 
1209 1.13195 
1210 1.1306 
1211 1.12925 
1212 1.1279 
1213 1.12655 
1214 1.1252 
1215 1.12385 
1216 1.12251 
1217 1.12116 
1218 1.11982 
1219 1.11847 
1220 1.11713 
1221 1.11578 
1222 1.11444 
1223 1.11309 
1224 1.11175 
1225 1.1104 
1226 1.10905 
1227 1.1077 
1228 1.10635 
1229 1.105 
1230 1.10365 
1231 1.10229 
1232 1.10093 
1233 1.09957 
1234 1.0982 
1235 1.09684 
1236 1.09547 
1237 1.09409 
1238 1.09272 
1239 1.09134 
1240 1.08995 
1241 1.08856 
1242 1.08717 
1243 1.08577 
1244 1.08437 
1245 1.08296 
1246 1.08155 
1247 1.08013 
1248 1.07871 
1249 1.07728 
1250 1.07584 
1251 1.0744 
1252 1.07295 
1253 1.0715 
1254 1.07003 
1255 1.06857 
1256 1.06709 
1257 1.06561 
1258 1.06412 
1259 1.06263 
1260 1.06113 
1261 1.05962 
1262 1.05811 
1263 1.05659 
1264 1.05507 
1265 1.05354 
1266 1.052 
1267 1.05045 
1268 1.0489 
1269 1.04735 
1270 1.04578 
1271 1.04421 
1272 1.04264 
1273 1.04106 
1274 1.03947 
1275 1.03787 
1276 1.03627 
1277 1.03467 
1278 1.03305 
1279 1.03143 
1280 1.02981 
1281 1.02818 
1282 1.02654 
1283 1.0249 
1284 1.02325 
1285 1.02159 
1286 1.01993 
1287 1.01826 
1288 1.01658 
1289 1.0149 
1290 1.01322 
1291 1.01152 
1292 1.00982 
1293 1.00812 
1294 1.00641 
1295 1.00469 
1296 1.00297 
1297 1.00124 
1298 0.999502 
1299 0.99776 
1300 0.996013 
1301 0.99426 
1302 0.9925 
1303 0.990735 
1304 0.988965 
1305 0.987189 
1306 0.985407 
1307 0.983621 
1308 0.981829 
1309 0.980033 
1310 0.978232 
1311 0.976426 
1312 0.974616 
1313 0.972802 
1314 0.970984 
1315 0.969162 
1316 0.967336 
1317 0.965506 
1318 0.963673 
1319 0.961836 
1320 0.959996 
1321 0.958154 
1322 0.956308 
1323 0.95446 
1324 0.952609 
1325 0.950756 
1326 0.9489 
1327 0.947043 
1328 0.945184 
1329 0.943323 
1330 0.94146 
1331 0.939596 
1332 0.937731 
1333 0.935865 
1334 0.933998 
1335 0.93213 
1336 0.930261 
1337 0.928393 
1338 0.926524 
1339 0.924655 
1340 0.922786 
1341 0.920918 
1342 0.91905 
1343 0.917183 
1344 0.915316 
1345 0.913451 
1346 0.911587 
1347 0.909724 
1348 0.907863 
1349 0.906004 
1350 0.904147 
1351 0.902292 
1352 0.900439 
1353 0.898588 
1354 0.89674 
1355 0.894895 
1356 0.893052 
1357 0.891212 
1358 0.889375 
1359 0.887541 
1360 0.88571 
1361 0.883883 
1362 0.882058 
1363 0.880237 
1364 0.87842 
1365 0.876606 
1366 0.874796 
1367 0.872991 
1368 0.871189 
1369 0.869391 
1370 0.867597 
1371 0.865808 
1372 0.864023 
1373 0.862243 
1374 0.860467 
1375 0.858697 
1376 0.856931 
1377 0.85517 
1378 0.853415 
1379 0.851665 
1380 0.84992 
1381 0.848181 
1382 0.846447 
1383 0.844719 
1384 0.842997 
1385 0.841281 
1386 0.839571 
1387 0.837868 
1388 0.836171 
1389 0.83448 
1390 0.832796 
1391 0.831119 
1392 0.829448 
1393 0.827785 
1394 0.826129 
1395 0.82448 
1396 0.822838 
1397 0.821204 
1398 0.819577 
1399 0.817959 
1400 0.816348 
1401 0.814745 
1402 0.81315 
1403 0.811563 
1404 0.809984 
1405 0.808413 
1406 0.80685 
1407 0.805295 
1408 0.803748 
1409 0.802208 
1410 0.800676 
1411 0.799152 
1412 0.797636 
1413 0.796128 
1414 0.794627 
1415 0.793134 
1416 0.791648 
1417 0.79017 
1418 0.7887 
1419 0.787237 
1420 0.785781 
1421 0.784333 
1422 0.782893 
1423 0.78146 
1424 0.780034 
1425 0.778616 
1426 0.777205 
1427 0.775801 
1428 0.774404 
1429 0.773015 
1430 0.771633 
1431 0.770258 
1432 0.76889 
1433 0.767529 
1434 0.766175 
1435 0.764828 
1436 0.763488 
1437 0.762155 
1438 0.760829 
1439 0.75951 
1440 0.758198 
1441 0.756892 
1442 0.755593 
1443 0.754301 
1444 0.753015 
1445 0.751736 
1446 0.750463 
1447 0.749197 
1448 0.747938 
1449 0.746685 
1450 0.745438 
1451 0.744198 
1452 0.742963 
1453 0.741735 
1454 0.740514 
1455 0.739297 
1456 0.738087 
1457 0.736883 
1458 0.735684 
1459 0.73449 
1460 0.733302 
1461 0.73212 
1462 0.730942 
1463 0.72977 
1464 0.728602 
1465 0.727439 
1466 0.726281 
1467 0.725128 
1468 0.723979 
1469 0.722834 
1470 0.721694 
1471 0.720557 
1472 0.719425 
1473 0.718297 
1474 0.717172 
1475 0.716051 
1476 0.714934 
1477 0.713819 
1478 0.712709 
1479 0.711601 
1480 0.710496 
1481 0.709395 
1482 0.708296 
1483 0.707199 
1484 0.706105 
1485 0.705014 
1486 0.703925 
1487 0.702838 
1488 0.701753 
1489 0.70067 
1490 0.699588 
1491 0.698508 
1492 0.69743 
1493 0.696353 
1494 0.695277 
1495 0.694202 
1496 0.693128 
1497 0.692055 
1498 0.690982 
1499 0.68991 
1500 0.688838 
1501 0.687767 
1502 0.686696 
1503 0.685624 
1504 0.684553 
1505 0.683482 
1506 0.682411 
1507 0.68134 
1508 0.680268 
1509 0.679197 
1510 0.678125 
1511 0.677053 
1512 0.67598 
1513 0.674907 
1514 0.673834 
1515 0.67276 
1516 0.671686 
1517 0.670611 
1518 0.669535 
1519 0.668459 
1520 0.667382 
1521 0.666304 
1522 0.665225 
1523 0.664145 
1524 0.663065 
1525 0.661983 
1526 0.6609 
1527 0.659816 
1528 0.658731 
1529 0.657644 
1530 0.656556 
1531 0.655467 
1532 0.654376 
1533 0.653284 
1534 0.65219 
1535 0.651095 
1536 0.649998 
1537 0.648899 
1538 0.647798 
1539 0.646696 
1540 0.645592 
1541 0.644485 
1542 0.643377 
1543 0.642266 
1544 0.641154 
1545 0.640039 
1546 0.638921 
1547 0.637802 
1548 0.63668 
1549 0.635555 
1550 0.634428 
1551 0.633299 
1552 0.632166 
1553 0.631032 
1554 0.629894 
1555 0.628755 
1556 0.627613 
1557 0.626468 
1558 0.625321 
1559 0.624172 
1560 0.623021 
1561 0.621868 
1562 0.620712 
1563 0.619554 
1564 0.618395 
1565 0.617233 
1566 0.616069 
1567 0.614903 
1568 0.613736 
1569 0.612566 
1570 0.611395 
1571 0.610222 
1572 0.609047 
1573 0.607871 
1574 0.606693 
1575 0.605513 
1576 0.604332 
1577 0.60315 
1578 0.601966 
1579 0.60078 
1580 0.599593 
1581 0.598405 
1582 0.597216 
1583 0.596026 
1584 0.594834 
1585 0.593641 
1586 0.592448 
1587 0.591253 
1588 0.590057 
1589 0.588861 
1590 0.587663 
1591 0.586465 
1592 0.585266 
1593 0.584066 
1594 0.582866 
1595 0.581665 
1596 0.580463 
1597 0.579261 
1598 0.578058 
1599 0.576855 
1600 0.575652 
1601 0.574449 
1602 0.573245 
1603 0.572041 
1604 0.570837 
1605 0.569633 
1606 0.568428 
1607 0.567224 
1608 0.566021 
1609 0.564817 
1610 0.563614 
1611 0.562411 
1612 0.561208 
1613 0.560006 
1614 0.558805 
1615 0.557604 
1616 0.556404 
1617 0.555204 
1618 0.554006 
1619 0.552808 
1620 0.551611 
1621 0.550416 
1622 0.549221 
1623 0.548028 
1624 0.546836 
1625 0.545645 
1626 0.544456 
1627 0.543268 
1628 0.542082 
1629 0.540898 
1630 0.539715 
1631 0.538534 
1632 0.537354 
1633 0.536177 
1634 0.535002 
1635 0.533828 
1636 0.532657 
1637 0.531488 
1638 0.530322 
1639 0.529158 
1640 0.527996 
1641 0.526837 
1642 0.52568 
1643 0.524526 
1644 0.523375 
1645 0.522226 
1646 0.521081 
1647 0.519939 
1648 0.518799 
1649 0.517663 
1650 0.51653 
1651 0.5154 
1652 0.514274 
1653 0.513151 
1654 0.512031 
1655 0.510915 
1656 0.509802 
1657 0.508693 
1658 0.507587 
1659 0.506485 
1660 0.505386 
1661 0.50429 
1662 0.503199 
1663 0.50211 
1664 0.501026 
1665 0.499945 
1666 0.498867 
1667 0.497794 
1668 0.496724 
1669 0.495657 
1670 0.494595 
1671 0.493536 
1672 0.492481 
1673 0.49143 
1674 0.490383 
1675 0.489339 
1676 0.4883 
1677 0.487264 
1678 0.486232 
1679 0.485204 
1680 0.484181 
1681 0.483161 
1682 0.482145 
1683 0.481133 
1684 0.480125 
1685 0.479122 
1686 0.478122 
1687 0.477127 
1688 0.476136 
1689 0.475149 
1690 0.474166 
1691 0.473187 
1692 0.472213 
1693 0.471243 
1694 0.470277 
1695 0.469316 
1696 0.468358 
1697 0.467406 
1698 0.466457 
1699 0.465514 
1700 0.464574 
1701 0.463639 
1702 0.462709 
1703 0.461782 
1704 0.460861 
1705 0.459943 
1706 0.45903 
1707 0.458121 
1708 0.457216 
1709 0.456315 
1710 0.455419 
1711 0.454526 
1712 0.453638 
1713 0.452753 
1714 0.451873 
1715 0.450996 
1716 0.450124 
1717 0.449255 
1718 0.44839 
1719 0.447528 
1720 0.446671 
1721 0.445816 
1722 0.444966 
1723 0.444119 
1724 0.443276 
1725 0.442436 
1726 0.441599 
1727 0.440766 
1728 0.439937 
1729 0.43911 
1730 0.438287 
1731 0.437467 
1732 0.43665 
1733 0.435836 
1734 0.435025 
1735 0.434218 
1736 0.433413 
1737 0.432611 
1738 0.431812 
1739 0.431016 
1740 0.430223 
1741 0.429432 
1742 0.428644 
1743 0.427859 
1744 0.427076 
1745 0.426296 
1746 0.425518 
1747 0.424742 
1748 0.423969 
1749 0.423199 
1750 0.42243 
1751 0.421664 
1752 0.4209 
1753 0.420138 
1754 0.419378 
1755 0.41862 
1756 0.417865 
1757 0.417111 
1758 0.416359 
1759 0.415609 
1760 0.41486 
1761 0.414114 
1762 0.413369 
1763 0.412626 
1764 0.411884 
1765 0.411144 
1766 0.410405 
1767 0.409668 
1768 0.408933 
1769 0.408198 
1770 0.407465 
1771 0.406734 
1772 0.406003 
1773 0.405274 
1774 0.404546 
1775 0.403819 
1776 0.403093 
1777 0.402368 
1778 0.401643 
1779 0.40092 
1780 0.400197 
1781 0.399476 
1782 0.398755 
1783 0.398034 
1784 0.397314 
1785 0.396595 
1786 0.395876 
1787 0.395158 
1788 0.39444 
1789 0.393722 
1790 0.393005 
1791 0.392288 
1792 0.391571 
1793 0.390854 
1794 0.390137 
1795 0.38942 
1796 0.388704 
1797 0.387987 
1798 0.387269 
1799 0.386552 
1800 0.385834 
1801 0.385116 
1802 0.384398 
1803 0.383679 
1804 0.38296 
1805 0.382241 
1806 0.381522 
1807 0.380802 
1808 0.380081 
1809 0.379361 
1810 0.37864 
1811 0.377919 
1812 0.377197 
1813 0.376475 
1814 0.375753 
1815 0.375031 
1816 0.374308 
1817 0.373585 
1818 0.372862 
1819 0.372138 
1820 0.371415 
1821 0.370691 
1822 0.369966 
1823 0.369242 
1824 0.368517 
1825 0.367792 
1826 0.367066 
1827 0.366341 
1828 0.365615 
1829 0.364889 
1830 0.364163 
1831 0.363436 
1832 0.362709 
1833 0.361982 
1834 0.361255 
1835 0.360528 
1836 0.3598 
1837 0.359072 
1838 0.358344 
1839 0.357616 
1840 0.356887 
1841 0.356159 
1842 0.35543 
1843 0.354701 
1844 0.353971 
1845 0.353242 
1846 0.352512 
1847 0.351783 
1848 0.351053 
1849 0.350323 
1850 0.349592 
1851 0.348862 
1852 0.348132 
1853 0.347401 
1854 0.34667 
1855 0.345939 
1856 0.345209 
1857 0.344478 
1858 0.343747 
1859 0.343016 
1860 0.342286 
1861 0.341555 
1862 0.340825 
1863 0.340095 
1864 0.339365 
1865 0.338635 
1866 0.337905 
1867 0.337176 
1868 0.336447 
1869 0.335718 
1870 0.33499 
1871 0.334262 
1872 0.333535 
1873 0.332807 
1874 0.332081 
1875 0.331355 
1876 0.330629 
1877 0.329904 
1878 0.32918 
1879 0.328456 
1880 0.327733 
1881 0.32701 
1882 0.326288 
1883 0.325567 
1884 0.324847 
1885 0.324127 
1886 0.323409 
1887 0.322691 
1888 0.321974 
1889 0.321257 
1890 0.320542 
1891 0.319828 
1892 0.319115 
1893 0.318403 
1894 0.317691 
1895 0.316981 
1896 0.316272 
1897 0.315565 
1898 0.314858 
1899 0.314153 
1900 0.313448 
1901 0.312746 
1902 0.312044 
1903 0.311344 
1904 0.310645 
1905 0.309947 
1906 0.309251 
1907 0.308557 
1908 0.307864 
1909 0.307172 
1910 0.306483 
1911 0.305795 
1912 0.305108 
1913 0.304423 
1914 0.30374 
1915 0.303059 
1916 0.30238 
1917 0.301702 
1918 0.301027 
1919 0.300353 
1920 0.299681 
1921 0.299012 
1922 0.298344 
1923 0.297679 
1924 0.297016 
1925 0.296354 
1926 0.295696 
1927 0.295039 
1928 0.294385 
1929 0.293733 
1930 0.293083 
1931 0.292436 
1932 0.291791 
1933 0.291149 
1934 0.29051 
1935 0.289873 
1936 0.289238 
1937 0.288607 
1938 0.287978 
1939 0.287352 
1940 0.286728 
1941 0.286108 
1942 0.28549 
1943 0.284875 
1944 0.284263 
1945 0.283655 
1946 0.283049 
1947 0.282446 
1948 0.281847 
1949 0.28125 
1950 0.280657 
1951 0.280068 
1952 0.279481 
1953 0.278897 
1954 0.278317 
1955 0.277739 
1956 0.277165 
1957 0.276592 
1958 0.276023 
1959 0.275456 
1960 0.274892 
1961 0.27433 
1962 0.273771 
1963 0.273213 
1964 0.272658 
1965 0.272105 
1966 0.271554 
1967 0.271004 
1968 0.270457 
1969 0.269911 
1970 0.269367 
1971 0.268824 
1972 0.268282 
1973 0.267742 
1974 0.267203 
1975 0.266666 
1976 0.266129 
1977 0.265593 
1978 0.265058 
1979 0.264524 
1980 0.26399 
1981 0.263457 
1982 0.262925 
1983 0.262393 
1984 0.261861 
1985 0.261329 
1986 0.260797 
1987 0.260265 
1988 0.259733 
1989 0.259201 
1990 0.258669 
1991 0.258136 
1992 0.257602 
1993 0.257068 
1994 0.256534 
1995 0.255998 
1996 0.255461 
1997 0.254924 
1998 0.254385 
1999 0.253845 
2000 0.253303 
