2 957.733 
3 927.358 
4 909.495 
5 894.372 
6 879.865 
7 865.631 
8 851.491 
9 836.916 
10 823.151 
11 808.778 
12 794.527 
13 779.512 
14 764.985 
15 751.045 
16 735.749 
17 719.964 
18 705.003 
19 691.294 
20 678.149 
21 664.2 
22 649.679 
23 635.157 
24 620.934 
25 606.98 
26 593.067 
27 579.355 
28 566.014 
29 553.03 
30 540.188 
31 527.195 
32 514.202 
33 501.458 
34 489.169 
35 477.491 
36 466.521 
37 456.289 
38 446.751 
39 437.784 
40 429.175 
41 420.699 
42 412.392 
43 404.356 
44 396.679 
45 389.435 
46 382.683 
47 376.461 
48 370.79 
49 365.667 
50 361.07 
51 356.968 
52 353.395 
53 350.397 
54 348.007 
55 346.251 
56 345.144 
57 344.688 
58 344.875 
59 345.68 
60 347.07 
61 349.007 
62 351.505 
63 354.591 
64 358.283 
65 362.597 
66 367.544 
67 373.13 
68 379.356 
69 386.216 
70 393.7 
71 401.796 
72 410.51 
73 419.853 
74 429.83 
75 440.445 
76 451.699 
77 463.588 
78 476.105 
79 489.241 
80 502.981 
81 517.311 
82 532.232 
83 547.744 
84 563.849 
85 580.544 
86 597.827 
87 615.692 
88 634.131 
89 653.134 
90 672.69 
91 692.787 
92 713.417 
93 734.577 
94 756.259 
95 778.454 
96 801.155 
97 824.349 
98 848.023 
99 872.165 
100 896.756 
101 921.783 
102 947.238 
103 973.113 
104 999.403 
105 1026.1 
106 1053.2 
107 1080.68 
108 1108.54 
109 1136.77 
110 1165.36 
111 1194.3 
112 1223.56 
113 1253.14 
114 1283.03 
115 1313.2 
116 1343.64 
117 1374.34 
118 1405.27 
119 1436.41 
120 1467.75 
121 1499.26 
122 1530.94 
123 1562.76 
124 1594.73 
125 1626.81 
126 1659.01 
127 1691.31 
128 1723.7 
129 1756.15 
130 1788.66 
131 1821.22 
132 1853.8 
133 1886.4 
134 1918.99 
135 1951.57 
136 1984.11 
137 2016.6 
138 2049.02 
139 2081.36 
140 2113.59 
141 2145.71 
142 2177.69 
143 2209.53 
144 2241.2 
145 2272.7 
146 2304.02 
147 2335.13 
148 2366.03 
149 2396.7 
150 2427.13 
151 2457.3 
152 2487.2 
153 2516.81 
154 2546.13 
155 2575.13 
156 2603.81 
157 2632.15 
158 2660.13 
159 2687.74 
160 2714.97 
161 2741.8 
162 2768.22 
163 2794.22 
164 2819.79 
165 2844.92 
166 2869.59 
167 2893.8 
168 2917.54 
169 2940.79 
170 2963.55 
171 2985.8 
172 3007.54 
173 3028.76 
174 3049.44 
175 3069.59 
176 3089.18 
177 3108.21 
178 3126.67 
179 3144.55 
180 3161.85 
181 3178.56 
182 3194.67 
183 3210.17 
184 3225.06 
185 3239.33 
186 3252.98 
187 3266 
188 3278.38 
189 3290.13 
190 3301.23 
191 3311.69 
192 3321.5 
193 3330.65 
194 3339.14 
195 3346.98 
196 3354.15 
197 3360.66 
198 3366.5 
199 3371.67 
200 3376.18 
201 3380.02 
202 3383.19 
203 3385.69 
204 3387.51 
205 3388.67 
206 3389.15 
207 3388.97 
208 3388.11 
209 3386.59 
210 3384.4 
211 3381.54 
212 3378.03 
213 3373.85 
214 3369.02 
215 3363.54 
216 3357.41 
217 3350.64 
218 3343.22 
219 3335.18 
220 3326.51 
221 3317.21 
222 3307.31 
223 3296.79 
224 3285.68 
225 3273.98 
226 3261.69 
227 3248.82 
228 3235.39 
229 3221.38 
230 3206.82 
231 3191.71 
232 3176.05 
233 3159.86 
234 3143.13 
235 3125.88 
236 3108.12 
237 3089.86 
238 3071.1 
239 3051.86 
240 3032.14 
241 3011.96 
242 2991.33 
243 2970.25 
244 2948.75 
245 2926.82 
246 2904.5 
247 2881.78 
248 2858.68 
249 2835.22 
250 2811.41 
251 2787.26 
252 2762.79 
253 2738 
254 2712.91 
255 2687.51 
256 2661.84 
257 2635.88 
258 2609.66 
259 2583.19 
260 2556.48 
261 2529.53 
262 2502.37 
263 2475 
264 2447.43 
265 2419.69 
266 2391.77 
267 2363.71 
268 2335.5 
269 2307.16 
270 2278.71 
271 2250.16 
272 2221.53 
273 2192.83 
274 2164.07 
275 2135.28 
276 2106.46 
277 2077.63 
278 2048.8 
279 2019.99 
280 1991.19 
281 1962.43 
282 1933.71 
283 1905.04 
284 1876.45 
285 1847.93 
286 1819.51 
287 1791.18 
288 1762.98 
289 1734.9 
290 1706.96 
291 1679.18 
292 1651.56 
293 1624.12 
294 1596.88 
295 1569.84 
296 1543.02 
297 1516.43 
298 1490.09 
299 1464.01 
300 1438.21 
301 1412.69 
302 1387.47 
303 1362.55 
304 1337.93 
305 1313.63 
306 1289.64 
307 1265.98 
308 1242.65 
309 1219.64 
310 1196.98 
311 1174.66 
312 1152.69 
313 1131.07 
314 1109.8 
315 1088.91 
316 1068.38 
317 1048.22 
318 1028.43 
319 1009.03 
320 990.014 
321 971.386 
322 953.151 
323 935.313 
324 917.876 
325 900.843 
326 884.219 
327 868.006 
328 852.209 
329 836.83 
330 821.872 
331 807.339 
332 793.234 
333 779.56 
334 766.318 
335 753.513 
336 741.146 
337 729.219 
338 717.735 
339 706.697 
340 696.105 
341 685.962 
342 676.27 
343 667.03 
344 658.244 
345 649.912 
346 642.037 
347 634.62 
348 627.66 
349 621.16 
350 615.119 
351 609.538 
352 604.415 
353 599.748 
354 595.535 
355 591.772 
356 588.457 
357 585.588 
358 583.159 
359 581.169 
360 579.614 
361 578.488 
362 577.79 
363 577.513 
364 577.654 
365 578.207 
366 579.169 
367 580.532 
368 582.293 
369 584.445 
370 586.983 
371 589.9 
372 593.19 
373 596.846 
374 600.862 
375 605.23 
376 609.944 
377 614.995 
378 620.375 
379 626.077 
380 632.093 
381 638.414 
382 645.03 
383 651.933 
384 659.115 
385 666.564 
386 674.271 
387 682.227 
388 690.42 
389 698.841 
390 707.478 
391 716.32 
392 725.356 
393 734.574 
394 743.963 
395 753.509 
396 763.2 
397 773.025 
398 782.969 
399 793.019 
400 803.161 
401 813.384 
402 823.681 
403 834.049 
404 844.481 
405 854.973 
406 865.522 
407 876.121 
408 886.766 
409 897.452 
410 908.173 
411 918.925 
412 929.701 
413 940.497 
414 951.307 
415 962.125 
416 972.946 
417 983.763 
418 994.57 
419 1005.36 
420 1016.13 
421 1026.87 
422 1037.58 
423 1048.25 
424 1058.87 
425 1069.43 
426 1079.94 
427 1090.37 
428 1100.73 
429 1111.01 
430 1121.2 
431 1131.29 
432 1141.28 
433 1151.16 
434 1160.91 
435 1170.54 
436 1180.03 
437 1189.38 
438 1198.58 
439 1207.62 
440 1216.49 
441 1225.18 
442 1233.69 
443 1242 
444 1250.11 
445 1258.01 
446 1265.69 
447 1273.13 
448 1280.34 
449 1287.3 
450 1294 
451 1300.43 
452 1306.6 
453 1312.49 
454 1318.12 
455 1323.49 
456 1328.58 
457 1333.41 
458 1337.98 
459 1342.29 
460 1346.33 
461 1350.11 
462 1353.62 
463 1356.88 
464 1359.88 
465 1362.62 
466 1365.11 
467 1367.34 
468 1369.31 
469 1371.04 
470 1372.51 
471 1373.73 
472 1374.71 
473 1375.43 
474 1375.92 
475 1376.16 
476 1376.16 
477 1375.93 
478 1375.45 
479 1374.74 
480 1373.8 
481 1372.63 
482 1371.23 
483 1369.6 
484 1367.76 
485 1365.69 
486 1363.4 
487 1360.89 
488 1358.18 
489 1355.25 
490 1352.12 
491 1348.78 
492 1345.24 
493 1341.5 
494 1337.57 
495 1333.45 
496 1329.13 
497 1324.64 
498 1319.96 
499 1315.1 
500 1310.06 
501 1304.86 
502 1299.49 
503 1293.96 
504 1288.27 
505 1282.43 
506 1276.45 
507 1270.32 
508 1264.05 
509 1257.66 
510 1251.14 
511 1244.5 
512 1237.74 
513 1230.88 
514 1223.91 
515 1216.85 
516 1209.7 
517 1202.46 
518 1195.14 
519 1187.75 
520 1180.3 
521 1172.78 
522 1165.21 
523 1157.6 
524 1149.95 
525 1142.27 
526 1134.56 
527 1126.83 
528 1119.09 
529 1111.35 
530 1103.61 
531 1095.89 
532 1088.18 
533 1080.5 
534 1072.86 
535 1065.26 
536 1057.71 
537 1050.22 
538 1042.79 
539 1035.45 
540 1028.18 
541 1021.01 
542 1013.95 
543 1006.99 
544 1000.15 
545 993.445 
546 986.875 
547 980.453 
548 974.187 
549 968.088 
550 962.165 
551 956.427 
552 950.877 
553 945.518 
554 940.351 
555 935.378 
556 930.603 
557 926.027 
558 921.653 
559 917.483 
560 913.519 
561 909.763 
562 906.218 
563 902.885 
564 899.768 
565 896.869 
566 894.189 
567 891.731 
568 889.498 
569 887.492 
570 885.715 
571 884.169 
572 882.856 
573 881.78 
574 880.943 
575 880.345 
576 879.992 
577 879.883 
578 880.022 
579 880.412 
580 881.054 
581 881.951 
582 883.105 
583 884.519 
584 886.195 
585 888.136 
586 890.343 
587 892.82 
588 895.568 
589 898.591 
590 901.889 
591 905.467 
592 909.327 
593 913.47 
594 917.899 
595 922.617 
596 927.626 
597 932.929 
598 938.528 
599 944.425 
600 950.623 
601 957.124 
602 963.925 
603 971.021 
604 978.41 
605 986.087 
606 994.049 
607 1002.29 
608 1010.81 
609 1019.6 
610 1028.66 
611 1037.98 
612 1047.56 
613 1057.39 
614 1067.48 
615 1077.81 
616 1088.38 
617 1099.19 
618 1110.22 
619 1121.49 
620 1132.97 
621 1144.67 
622 1156.58 
623 1168.69 
624 1181 
625 1193.51 
626 1206.2 
627 1219.08 
628 1232.14 
629 1245.36 
630 1258.75 
631 1272.3 
632 1286.01 
633 1299.85 
634 1313.84 
635 1327.97 
636 1342.22 
637 1356.59 
638 1371.08 
639 1385.67 
640 1400.37 
641 1415.16 
642 1430.04 
643 1444.99 
644 1460.02 
645 1475.12 
646 1490.27 
647 1505.47 
648 1520.72 
649 1536 
650 1551.31 
651 1566.64 
652 1581.98 
653 1597.33 
654 1612.69 
655 1628.05 
656 1643.39 
657 1658.73 
658 1674.05 
659 1689.34 
660 1704.6 
661 1719.83 
662 1735.01 
663 1750.15 
664 1765.23 
665 1780.26 
666 1795.21 
667 1810.1 
668 1824.91 
669 1839.63 
670 1854.26 
671 1868.79 
672 1883.22 
673 1897.54 
674 1911.74 
675 1925.81 
676 1939.75 
677 1953.56 
678 1967.22 
679 1980.73 
680 1994.08 
681 2007.26 
682 2020.27 
683 2033.1 
684 2045.73 
685 2058.18 
686 2070.42 
687 2082.45 
688 2094.26 
689 2105.84 
690 2117.19 
691 2128.3 
692 2139.15 
693 2149.75 
694 2160.08 
695 2170.14 
696 2179.92 
697 2189.41 
698 2198.59 
699 2207.47 
700 2216.03 
701 2224.27 
702 2232.19 
703 2239.77 
704 2247.03 
705 2253.97 
706 2260.58 
707 2266.86 
708 2272.81 
709 2278.43 
710 2283.72 
711 2288.69 
712 2293.32 
713 2297.63 
714 2301.6 
715 2305.25 
716 2308.56 
717 2311.54 
718 2314.19 
719 2316.51 
720 2318.5 
721 2320.16 
722 2321.48 
723 2322.47 
724 2323.13 
725 2323.45 
726 2323.45 
727 2323.11 
728 2322.44 
729 2321.43 
730 2320.1 
731 2318.43 
732 2316.43 
733 2314.09 
734 2311.43 
735 2308.43 
736 2305.1 
737 2301.44 
738 2297.45 
739 2293.12 
740 2288.47 
741 2283.48 
742 2278.16 
743 2272.52 
744 2266.54 
745 2260.23 
746 2253.6 
747 2246.63 
748 2239.34 
749 2231.72 
750 2223.77 
751 2215.5 
752 2206.9 
753 2197.98 
754 2188.76 
755 2179.22 
756 2169.38 
757 2159.25 
758 2148.82 
759 2138.1 
760 2127.1 
761 2115.83 
762 2104.28 
763 2092.46 
764 2080.39 
765 2068.06 
766 2055.48 
767 2042.65 
768 2029.59 
769 2016.29 
770 2002.77 
771 1989.03 
772 1975.07 
773 1960.91 
774 1946.54 
775 1931.97 
776 1917.22 
777 1902.28 
778 1887.17 
779 1871.89 
780 1856.44 
781 1840.84 
782 1825.09 
783 1809.19 
784 1793.16 
785 1777 
786 1760.72 
787 1744.32 
788 1727.82 
789 1711.21 
790 1694.51 
791 1677.73 
792 1660.87 
793 1643.94 
794 1626.95 
795 1609.9 
796 1592.81 
797 1575.68 
798 1558.52 
799 1541.33 
800 1524.13 
801 1506.92 
802 1489.72 
803 1472.51 
804 1455.31 
805 1438.13 
806 1420.96 
807 1403.81 
808 1386.69 
809 1369.6 
810 1352.54 
811 1335.53 
812 1318.56 
813 1301.64 
814 1284.77 
815 1267.96 
816 1251.22 
817 1234.55 
818 1217.95 
819 1201.44 
820 1185.01 
821 1168.67 
822 1152.42 
823 1136.28 
824 1120.24 
825 1104.32 
826 1088.51 
827 1072.82 
828 1057.27 
829 1041.84 
830 1026.56 
831 1011.42 
832 996.438 
833 981.609 
834 966.942 
835 952.443 
836 938.119 
837 923.975 
838 910.017 
839 896.252 
840 882.685 
841 869.322 
842 856.17 
843 843.235 
844 830.523 
845 818.04 
846 805.793 
847 793.789 
848 782.033 
849 770.532 
850 759.292 
851 748.32 
852 737.615 
853 727.178 
854 717.008 
855 707.104 
856 697.466 
857 688.094 
858 678.987 
859 670.143 
860 661.564 
861 653.248 
862 645.194 
863 637.402 
864 629.872 
865 622.602 
866 615.592 
867 608.841 
868 602.349 
869 596.114 
870 590.137 
871 584.415 
872 578.949 
873 573.737 
874 568.779 
875 564.074 
876 559.621 
877 555.418 
878 551.466 
879 547.763 
880 544.307 
881 541.099 
882 538.137 
883 535.42 
884 532.947 
885 530.717 
886 528.728 
887 526.98 
888 525.472 
889 524.201 
890 523.168 
891 522.371 
892 521.809 
893 521.479 
894 521.382 
895 521.516 
896 521.879 
897 522.47 
898 523.288 
899 524.331 
900 525.599 
901 527.088 
902 528.796 
903 530.718 
904 532.851 
905 535.19 
906 537.732 
907 540.472 
908 543.406 
909 546.53 
910 549.839 
911 553.329 
912 556.996 
913 560.835 
914 564.842 
915 569.013 
916 573.342 
917 577.825 
918 582.457 
919 587.235 
920 592.152 
921 597.204 
922 602.387 
923 607.695 
924 613.124 
925 618.668 
926 624.322 
927 630.082 
928 635.942 
929 641.896 
930 647.941 
931 654.07 
932 660.278 
933 666.56 
934 672.911 
935 679.324 
936 685.795 
937 692.317 
938 698.885 
939 705.494 
940 712.138 
941 718.81 
942 725.506 
943 732.219 
944 738.943 
945 745.672 
946 752.401 
947 759.123 
948 765.832 
949 772.522 
950 779.187 
951 785.821 
952 792.421 
953 798.984 
954 805.507 
955 811.989 
956 818.425 
957 824.814 
958 831.153 
959 837.439 
960 843.668 
961 849.84 
962 855.95 
963 861.995 
964 867.974 
965 873.883 
966 879.719 
967 885.479 
968 891.16 
969 896.76 
970 902.275 
971 907.703 
972 913.039 
973 918.282 
974 923.429 
975 928.475 
976 933.419 
977 938.256 
978 942.985 
979 947.601 
980 952.101 
981 956.482 
982 960.742 
983 964.876 
984 968.882 
985 972.755 
986 976.494 
987 980.094 
988 983.552 
989 986.865 
990 990.03 
991 993.042 
992 995.898 
993 998.596 
994 1001.13 
995 1003.5 
996 1005.7 
997 1007.73 
998 1009.58 
999 1011.24 
1000 1012.73 
1001 1014.03 
1002 1015.14 
1003 1016.07 
1004 1016.81 
1005 1017.38 
1006 1017.76 
1007 1017.97 
1008 1018 
1009 1017.86 
1010 1017.55 
1011 1017.06 
1012 1016.41 
1013 1015.59 
1014 1014.6 
1015 1013.46 
1016 1012.15 
1017 1010.68 
1018 1009.05 
1019 1007.27 
1020 1005.34 
1021 1003.25 
1022 1001.02 
1023 998.637 
1024 996.11 
1025 993.441 
1026 990.631 
1027 987.682 
1028 984.596 
1029 981.376 
1030 978.024 
1031 974.542 
1032 970.932 
1033 967.197 
1034 963.339 
1035 959.359 
1036 955.262 
1037 951.048 
1038 946.721 
1039 942.282 
1040 937.734 
1041 933.079 
1042 928.321 
1043 923.461 
1044 918.502 
1045 913.446 
1046 908.297 
1047 903.056 
1048 897.726 
1049 892.31 
1050 886.811 
1051 881.23 
1052 875.572 
1053 869.839 
1054 864.034 
1055 858.16 
1056 852.221 
1057 846.219 
1058 840.158 
1059 834.041 
1060 827.871 
1061 821.652 
1062 815.386 
1063 809.076 
1064 802.727 
1065 796.342 
1066 789.923 
1067 783.475 
1068 777 
1069 770.503 
1070 763.986 
1071 757.453 
1072 750.908 
1073 744.354 
1074 737.794 
1075 731.233 
1076 724.674 
1077 718.121 
1078 711.577 
1079 705.046 
1080 698.532 
1081 692.038 
1082 685.568 
1083 679.127 
1084 672.717 
1085 666.343 
1086 660.009 
1087 653.719 
1088 647.476 
1089 641.284 
1090 635.148 
1091 629.072 
1092 623.059 
1093 617.114 
1094 611.241 
1095 605.444 
1096 599.726 
1097 594.094 
1098 588.549 
1099 583.097 
1100 577.743 
1101 572.489 
1102 567.338 
1103 562.289 
1104 557.345 
1105 552.507 
1106 547.774 
1107 543.149 
1108 538.631 
1109 534.223 
1110 529.925 
1111 525.738 
1112 521.664 
1113 517.702 
1114 513.855 
1115 510.123 
1116 506.506 
1117 503.008 
1118 499.627 
1119 496.365 
1120 493.224 
1121 490.204 
1122 487.307 
1123 484.532 
1124 481.882 
1125 479.358 
1126 476.96 
1127 474.69 
1128 472.548 
1129 470.536 
1130 468.654 
1131 466.905 
1132 465.288 
1133 463.805 
1134 462.458 
1135 461.246 
1136 460.171 
1137 459.235 
1138 458.438 
1139 457.782 
1140 457.267 
1141 456.895 
1142 456.667 
1143 456.584 
1144 456.646 
1145 456.856 
1146 457.214 
1147 457.722 
1148 458.38 
1149 459.19 
1150 460.152 
1151 461.268 
1152 462.535 
1153 463.952 
1154 465.516 
1155 467.225 
1156 469.075 
1157 471.066 
1158 473.195 
1159 475.458 
1160 477.854 
1161 480.38 
1162 483.034 
1163 485.814 
1164 488.715 
1165 491.737 
1166 494.877 
1167 498.131 
1168 501.498 
1169 504.975 
1170 508.558 
1171 512.246 
1172 516.036 
1173 519.925 
1174 523.91 
1175 527.988 
1176 532.157 
1177 536.414 
1178 540.756 
1179 545.18 
1180 549.684 
1181 554.264 
1182 558.918 
1183 563.643 
1184 568.435 
1185 573.292 
1186 578.211 
1187 583.188 
1188 588.222 
1189 593.308 
1190 598.443 
1191 603.625 
1192 608.85 
1193 614.116 
1194 619.418 
1195 624.755 
1196 630.122 
1197 635.516 
1198 640.935 
1199 646.375 
1200 651.832 
1201 657.303 
1202 662.787 
1203 668.28 
1204 673.781 
1205 679.287 
1206 684.795 
1207 690.304 
1208 695.811 
1209 701.314 
1210 706.81 
1211 712.296 
1212 717.771 
1213 723.232 
1214 728.676 
1215 734.102 
1216 739.506 
1217 744.886 
1218 750.239 
1219 755.563 
1220 760.856 
1221 766.114 
1222 771.336 
1223 776.518 
1224 781.659 
1225 786.754 
1226 791.803 
1227 796.801 
1228 801.747 
1229 806.637 
1230 811.47 
1231 816.241 
1232 820.949 
1233 825.591 
1234 830.164 
1235 834.664 
1236 839.09 
1237 843.439 
1238 847.707 
1239 851.892 
1240 855.991 
1241 860 
1242 863.918 
1243 867.741 
1244 871.466 
1245 875.091 
1246 878.611 
1247 882.025 
1248 885.33 
1249 888.521 
1250 891.597 
1251 894.554 
1252 897.392 
1253 900.111 
1254 902.71 
1255 905.19 
1256 907.549 
1257 909.788 
1258 911.906 
1259 913.904 
1260 915.781 
1261 917.536 
1262 919.17 
1263 920.682 
1264 922.072 
1265 923.34 
1266 924.485 
1267 925.508 
1268 926.409 
1269 927.186 
1270 927.839 
1271 928.369 
1272 928.776 
1273 929.058 
1274 929.217 
1275 929.251 
1276 929.16 
1277 928.945 
1278 928.604 
1279 928.138 
1280 927.547 
1281 926.83 
1282 925.988 
1283 925.019 
1284 923.924 
1285 922.703 
1286 921.355 
1287 919.88 
1288 918.278 
1289 916.549 
1290 914.692 
1291 912.708 
1292 910.596 
1293 908.356 
1294 905.988 
1295 903.491 
1296 900.866 
1297 898.112 
1298 895.229 
1299 892.217 
1300 889.076 
1301 885.805 
1302 882.408 
1303 878.885 
1304 875.24 
1305 871.474 
1306 867.589 
1307 863.588 
1308 859.474 
1309 855.248 
1310 850.913 
1311 846.471 
1312 841.924 
1313 837.276 
1314 832.527 
1315 827.681 
1316 822.741 
1317 817.707 
1318 812.584 
1319 807.373 
1320 802.077 
1321 796.698 
1322 791.239 
1323 785.702 
1324 780.091 
1325 774.406 
1326 768.652 
1327 762.831 
1328 756.945 
1329 750.997 
1330 744.989 
1331 738.925 
1332 732.807 
1333 726.637 
1334 720.418 
1335 714.154 
1336 707.846 
1337 701.498 
1338 695.113 
1339 688.692 
1340 682.24 
1341 675.758 
1342 669.25 
1343 662.718 
1344 656.166 
1345 649.596 
1346 643.012 
1347 636.416 
1348 629.811 
1349 623.199 
1350 616.586 
1351 609.972 
1352 603.36 
1353 596.751 
1354 590.149 
1355 583.554 
1356 576.968 
1357 570.394 
1358 563.834 
1359 557.288 
1360 550.759 
1361 544.25 
1362 537.762 
1363 531.296 
1364 524.856 
1365 518.442 
1366 512.058 
1367 505.704 
1368 499.383 
1369 493.098 
1370 486.849 
1371 480.64 
1372 474.471 
1373 468.346 
1374 462.267 
1375 456.234 
1376 450.251 
1377 444.32 
1378 438.443 
1379 432.621 
1380 426.858 
1381 421.155 
1382 415.514 
1383 409.938 
1384 404.429 
1385 398.988 
1386 393.619 
1387 388.323 
1388 383.103 
1389 377.961 
1390 372.899 
1391 367.92 
1392 363.025 
1393 358.218 
1394 353.5 
1395 348.873 
1396 344.341 
1397 339.905 
1398 335.567 
1399 331.331 
1400 327.199 
1401 323.171 
1402 319.249 
1403 315.432 
1404 311.72 
1405 308.111 
1406 304.606 
1407 301.203 
1408 297.903 
1409 294.705 
1410 291.608 
1411 288.612 
1412 285.716 
1413 282.919 
1414 280.222 
1415 277.624 
1416 275.123 
1417 272.72 
1418 270.414 
1419 268.205 
1420 266.091 
1421 264.072 
1422 262.148 
1423 260.318 
1424 258.581 
1425 256.937 
1426 255.385 
1427 253.925 
1428 252.556 
1429 251.277 
1430 250.088 
1431 248.988 
1432 247.976 
1433 247.053 
1434 246.216 
1435 245.466 
1436 244.802 
1437 244.223 
1438 243.728 
1439 243.317 
1440 242.989 
1441 242.744 
1442 242.581 
1443 242.499 
1444 242.497 
1445 242.574 
1446 242.731 
1447 242.966 
1448 243.279 
1449 243.668 
1450 244.133 
1451 244.674 
1452 245.288 
1453 245.975 
1454 246.733 
1455 247.56 
1456 248.456 
1457 249.418 
1458 250.444 
1459 251.535 
1460 252.688 
1461 253.901 
1462 255.173 
1463 256.502 
1464 257.887 
1465 259.327 
1466 260.819 
1467 262.363 
1468 263.956 
1469 265.597 
1470 267.284 
1471 269.017 
1472 270.792 
1473 272.609 
1474 274.465 
1475 276.36 
1476 278.291 
1477 280.258 
1478 282.257 
1479 284.288 
1480 286.348 
1481 288.437 
1482 290.552 
1483 292.691 
1484 294.854 
1485 297.037 
1486 299.24 
1487 301.46 
1488 303.696 
1489 305.946 
1490 308.208 
1491 310.481 
1492 312.762 
1493 315.05 
1494 317.342 
1495 319.638 
1496 321.935 
1497 324.231 
1498 326.525 
1499 328.814 
1500 331.096 
1501 333.371 
1502 335.636 
1503 337.891 
1504 340.134 
1505 342.364 
1506 344.581 
1507 346.782 
1508 348.968 
1509 351.137 
1510 353.287 
1511 355.418 
1512 357.528 
1513 359.617 
1514 361.683 
1515 363.725 
1516 365.742 
1517 367.732 
1518 369.695 
1519 371.629 
1520 373.533 
1521 375.407 
1522 377.248 
1523 379.055 
1524 380.828 
1525 382.565 
1526 384.265 
1527 385.927 
1528 387.549 
1529 389.13 
1530 390.669 
1531 392.165 
1532 393.616 
1533 395.022 
1534 396.38 
1535 397.69 
1536 398.951 
1537 400.16 
1538 401.318 
1539 402.422 
1540 403.471 
1541 404.463 
1542 405.399 
1543 406.275 
1544 407.092 
1545 407.847 
1546 408.54 
1547 409.168 
1548 409.731 
1549 410.227 
1550 410.655 
1551 411.014 
1552 411.303 
1553 411.525 
1554 411.678 
1555 411.765 
1556 411.785 
1557 411.739 
1558 411.627 
1559 411.451 
1560 411.211 
1561 410.907 
1562 410.541 
1563 410.112 
1564 409.622 
1565 409.07 
1566 408.459 
1567 407.788 
1568 407.057 
1569 406.269 
1570 405.423 
1571 404.52 
1572 403.56 
1573 402.545 
1574 401.475 
1575 400.351 
1576 399.173 
1577 397.942 
1578 396.659 
1579 395.324 
1580 393.939 
1581 392.503 
1582 391.018 
1583 389.485 
1584 387.903 
1585 386.275 
1586 384.599 
1587 382.878 
1588 381.112 
1589 379.302 
1590 377.448 
1591 375.552 
1592 373.613 
1593 371.634 
1594 369.613 
1595 367.553 
1596 365.454 
1597 363.317 
1598 361.143 
1599 358.932 
1600 356.685 
1601 354.403 
1602 352.087 
1603 349.74 
1604 347.361 
1605 344.952 
1606 342.516 
1607 340.052 
1608 337.563 
1609 335.05 
1610 332.514 
1611 329.957 
1612 327.379 
1613 324.784 
1614 322.171 
1615 319.542 
1616 316.899 
1617 314.244 
1618 311.577 
1619 308.9 
1620 306.215 
1621 303.523 
1622 300.825 
1623 298.124 
1624 295.419 
1625 292.714 
1626 290.01 
1627 287.307 
1628 284.608 
1629 281.914 
1630 279.227 
1631 276.548 
1632 273.879 
1633 271.221 
1634 268.575 
1635 265.945 
1636 263.33 
1637 260.733 
1638 258.155 
1639 255.597 
1640 253.063 
1641 250.552 
1642 248.067 
1643 245.609 
1644 243.18 
1645 240.782 
1646 238.416 
1647 236.084 
1648 233.787 
1649 231.528 
1650 229.308 
1651 227.128 
1652 224.989 
1653 222.891 
1654 220.834 
1655 218.818 
1656 216.843 
1657 214.91 
1658 213.019 
1659 211.169 
1660 209.362 
1661 207.596 
1662 205.873 
1663 204.192 
1664 202.554 
1665 200.958 
1666 199.405 
1667 197.895 
1668 196.429 
1669 195.005 
1670 193.625 
1671 192.288 
1672 190.995 
1673 189.746 
1674 188.541 
1675 187.38 
1676 186.263 
1677 185.191 
1678 184.163 
1679 183.18 
1680 182.242 
1681 181.349 
1682 180.501 
1683 179.698 
1684 178.941 
1685 178.229 
1686 177.563 
1687 176.943 
1688 176.368 
1689 175.84 
1690 175.359 
1691 174.924 
1692 174.535 
1693 174.193 
1694 173.898 
1695 173.651 
1696 173.45 
1697 173.297 
1698 173.191 
1699 173.133 
1700 173.123 
1701 173.16 
1702 173.245 
1703 173.376 
1704 173.553 
1705 173.776 
1706 174.043 
1707 174.353 
1708 174.707 
1709 175.103 
1710 175.541 
1711 176.019 
1712 176.538 
1713 177.097 
1714 177.694 
1715 178.329 
1716 179.001 
1717 179.71 
1718 180.455 
1719 181.234 
1720 182.048 
1721 182.896 
1722 183.776 
1723 184.688 
1724 185.632 
1725 186.606 
1726 187.609 
1727 188.642 
1728 189.702 
1729 190.79 
1730 191.905 
1731 193.045 
1732 194.21 
1733 195.399 
1734 196.611 
1735 197.846 
1736 199.103 
1737 200.38 
1738 201.678 
1739 202.994 
1740 204.329 
1741 205.682 
1742 207.051 
1743 208.436 
1744 209.836 
1745 211.25 
1746 212.677 
1747 214.117 
1748 215.568 
1749 217.03 
1750 218.502 
1751 219.983 
1752 221.472 
1753 222.969 
1754 224.472 
1755 225.981 
1756 227.497 
1757 229.016 
1758 230.54 
1759 232.068 
1760 233.598 
1761 235.13 
1762 236.663 
1763 238.197 
1764 239.731 
1765 241.264 
1766 242.795 
1767 244.324 
1768 245.85 
1769 247.372 
1770 248.89 
1771 250.402 
1772 251.909 
1773 253.408 
1774 254.9 
1775 256.384 
1776 257.859 
1777 259.324 
1778 260.779 
1779 262.222 
1780 263.654 
1781 265.072 
1782 266.477 
1783 267.867 
1784 269.243 
1785 270.602 
1786 271.945 
1787 273.27 
1788 274.577 
1789 275.864 
1790 277.132 
1791 278.379 
1792 279.604 
1793 280.808 
1794 281.987 
1795 283.143 
1796 284.275 
1797 285.38 
1798 286.459 
1799 287.511 
1800 288.535 
1801 289.529 
1802 290.495 
1803 291.431 
1804 292.337 
1805 293.214 
1806 294.06 
1807 294.876 
1808 295.661 
1809 296.415 
1810 297.138 
1811 297.83 
1812 298.49 
1813 299.118 
1814 299.714 
1815 300.277 
1816 300.808 
1817 301.305 
1818 301.77 
1819 302.201 
1820 302.598 
1821 302.961 
1822 303.29 
1823 303.585 
1824 303.845 
1825 304.07 
1826 304.259 
1827 304.413 
1828 304.531 
1829 304.614 
1830 304.659 
1831 304.669 
1832 304.641 
1833 304.576 
1834 304.474 
1835 304.334 
1836 304.156 
1837 303.94 
1838 303.686 
1839 303.393 
1840 303.06 
1841 302.689 
1842 302.278 
1843 301.827 
1844 301.336 
1845 300.804 
1846 300.232 
1847 299.619 
1848 298.965 
1849 298.269 
1850 297.532 
1851 296.752 
1852 295.931 
1853 295.069 
1854 294.167 
1855 293.224 
1856 292.243 
1857 291.223 
1858 290.164 
1859 289.068 
1860 287.935 
1861 286.765 
1862 285.56 
1863 284.319 
1864 283.043 
1865 281.733 
1866 280.39 
1867 279.014 
1868 277.605 
1869 276.164 
1870 274.693 
1871 273.19 
1872 271.658 
1873 270.096 
1874 268.506 
1875 266.887 
1876 265.241 
1877 263.568 
1878 261.868 
1879 260.143 
1880 258.393 
1881 256.618 
1882 254.819 
1883 252.998 
1884 251.153 
1885 249.287 
1886 247.4 
1887 245.492 
1888 243.564 
1889 241.617 
1890 239.651 
1891 237.667 
1892 235.666 
1893 233.648 
1894 231.614 
1895 229.564 
1896 227.5 
1897 225.422 
1898 223.331 
1899 221.227 
1900 219.112 
1901 216.985 
1902 214.847 
1903 212.701 
1904 210.545 
1905 208.383 
1906 206.214 
1907 204.039 
1908 201.86 
1909 199.676 
1910 197.491 
1911 195.303 
1912 193.115 
1913 190.927 
1914 188.74 
1915 186.555 
1916 184.374 
1917 182.196 
1918 180.024 
1919 177.858 
1920 175.699 
1921 173.549 
1922 171.407 
1923 169.276 
1924 167.156 
1925 165.048 
1926 162.954 
1927 160.873 
1928 158.809 
1929 156.76 
1930 154.729 
1931 152.717 
1932 150.724 
1933 148.752 
1934 146.801 
1935 144.874 
1936 142.97 
1937 141.091 
1938 139.238 
1939 137.412 
1940 135.614 
1941 133.845 
1942 132.107 
1943 130.4 
1944 128.726 
1945 127.086 
1946 125.48 
1947 123.91 
1948 122.378 
1949 120.883 
1950 119.428 
1951 118.012 
1952 116.637 
1953 115.3 
1954 114.002 
1955 112.741 
1956 111.517 
1957 110.328 
1958 109.175 
1959 108.056 
1960 106.971 
1961 105.919 
1962 104.898 
1963 103.909 
1964 102.951 
1965 102.022 
1966 101.122 
1967 100.251 
1968 99.4065 
1969 98.5887 
1970 97.7968 
1971 97.0297 
1972 96.2868 
1973 95.5672 
1974 94.87 
1975 94.1946 
1976 93.54 
1977 92.9054 
1978 92.29 
1979 91.693 
1980 91.1135 
1981 90.5506 
1982 90.0036 
1983 89.4715 
1984 88.9535 
1985 88.4489 
1986 87.9566 
1987 87.4758 
1988 87.0057 
1989 86.5454 
1990 86.0941 
1991 85.6508 
1992 85.2146 
1993 84.7847 
1994 84.3602 
1995 83.9402 
1996 83.5238 
1997 83.11 
1998 82.6981 
1999 82.287 
2000 81.876 
